hidden1.weight   -2.73140359e+00  1.90147674e+00  1.03509200e+00 -8.31270456e-01
   1.25875568e+00 -4.97808844e-01 
  -5.48643172e-01  1.70857227e+00 -5.06819487e-01  2.00863433e+00
  -1.46816015e-01  1.80591094e+00 
   1.40575302e+00  4.95565496e-02  8.61219823e-01 -2.20790148e+00
   9.28171575e-01 -8.09263706e-01 
   1.65817395e-01 -9.51915383e-02 -6.14527643e-01 -2.63428211e+00
  -1.03656280e+00 -4.08914592e-03 
  -1.23956427e-01 -2.68927276e-01  2.10972697e-01 -2.20822144e+00
   5.02691627e-01 -3.04958582e-01 
  -1.81743526e+00 -9.92956221e-01  1.15585613e+00 -7.37271905e-01
  -1.79520810e+00 -8.04576755e-01 
   5.05946517e-01 -7.81732917e-01 -1.54897714e+00 -1.10913408e+00
  -1.17171371e+00  3.74678254e-01 
  -4.19825673e-01  2.88302588e+00 -5.62056363e-01 -6.95592284e-01
  -4.19376522e-01 -4.07507300e-01 
  -1.35477352e+00 -5.47627985e-01  1.04166579e+00 -2.09725928e+00
  -9.53398824e-01 -4.39366370e-01 
   2.44873345e-01 -1.79141879e+00 -1.70945859e+00  6.31790042e-01
  -1.37490749e+00  1.24260574e-03 
   3.84150386e-01  4.65556651e-01  1.08220175e-01  1.22983873e+00
   3.71122248e-02 -3.03522754e+00 
   2.42000985e+00 -2.14141130e+00  2.86563945e+00 -2.27964878e+00
   2.31478548e+00 -2.42648816e+00 
   1.67389467e-01  1.11882538e-01  2.35665292e-02 -9.39169005e-02
  -2.09737706e+00 -1.08262157e+00 
   4.88450378e-01  4.49468046e-01 -2.49344206e+00 -2.39104939e+00
   3.44037443e-01  5.97272396e-01 
  -2.81599498e+00 -1.96211576e+00  2.69703299e-01  5.54305077e-01
   4.67905581e-01  7.04836547e-01 
   7.36837029e-01  8.92713487e-01  6.50182664e-01  8.42557192e-01
  -2.74149203e+00 -1.92105711e+00 
  -7.35097945e-01  7.21126676e-01  2.31764650e+00 -1.47865009e+00
  -7.87608147e-01  7.17491865e-01 
  -1.05943990e+00 -4.07041609e-02 -1.58046412e+00  2.09976658e-01
   2.72257090e-01 -9.77754474e-01 
  -1.35786688e+00  5.16969144e-01 -1.45799029e+00  5.99428594e-01
   2.66891170e+00 -1.85590923e+00 
   1.56553125e+00 -7.62561023e-01  9.23761845e-01  4.92013931e-01
   6.79606646e-02  6.49609149e-01  
hidden1.bias  -0.27146286 -2.635862   -1.359231   -0.08625139  0.4254335  -0.11515056
  0.06363993  0.40788156  1.1351018   0.7528478  -0.7144894   3.0755928
  0.4426149   0.90947235  0.7127518   0.49031344 -0.1567721   0.19116005
  0.6039229  -0.49347988 
hidden2.weight   -0.97447586 -0.09625424  1.1653345  -0.2207093   0.09247125 -0.9514808
  -0.5167725  -0.8320161  -0.21829323 -0.723609    0.5809796   0.26688284
  -0.5343793  -0.9285541  -0.85349363 -0.63955194  1.1349425  -1.1862687
   0.88812107  0.50468904 
  -0.11181723 -0.4292403   0.22739989  0.06869172  0.04736714 -0.15958732
   0.00229786 -0.46658513  0.26934418  0.1777504   0.32812232  0.35956198
   0.28176323  0.65153074  0.5287895   0.7056917  -0.14002204  0.19988133
  -0.02008536 -0.4777528  
   0.0566406   0.6945026  -0.14510779 -0.6148688  -0.351997    0.17837295
   0.38962027  1.0279204  -0.796609   -0.4357929  -0.89505994 -0.4743155
   0.13984925 -0.3520978  -0.81251687 -0.04446357 -0.8987792  -0.20003097
  -0.81552154  0.70528626 
   0.03230365  0.21751319  0.14582013 -0.16273153 -0.30032122  0.09357829
  -0.14897206 -0.0278603  -0.2522938  -0.3081751  -0.19220506 -0.04055483
  -0.20534156 -0.5899654  -0.8732448  -0.61665195  0.0899015  -0.42557657
   0.17357546  0.43979394 
   0.21742657  0.3741781  -0.14589055 -0.08763091 -0.38328212 -0.20629168
  -0.1961431   0.3436731  -0.25439003 -0.60743546 -0.22670028 -0.12206672
  -0.30056348 -0.6557421  -0.6637334  -0.533285   -0.0466382  -0.368174
   0.06007034  0.34266362 
   0.75127816  1.0062324  -0.6769341  -1.051815   -0.46642497 -0.14812526
  -0.60147566  0.7914441  -0.33700028 -0.72343636 -0.91043603 -0.6537034
  -0.09896116 -0.43515393  0.1403875  -0.19824064 -0.48994127 -0.06650317
  -0.6407157   0.4667614   
hidden2.bias  -0.0208322  -0.34512106  0.40504885  0.25385994 -0.08188985  0.02555886 
predict.weight    1.2501919  -0.5160764  -0.16431805  0.48776808  0.6928267  -0.6258292  
  -0.20560549 -0.3968462   0.8132225   0.23242049  0.5228497   0.94503546  
predict.bias 0.25313225 0.10023534 
