hidden1.weight   -0.5705707  -0.6368788  -0.8060555  -0.7440766  -0.67472523 -0.81811744
  -0.5535747  -0.7041659  
   0.5486178  -0.14174803  0.69334257 -0.3614896   0.5722191  -0.2983693
   0.8993228  -0.03817578 
   0.22654447  0.34318268  0.37364998  0.26815116  0.56658053  0.47995752
   0.4188049   0.5152723  
   1.0921673  -1.1554341   0.8387464  -1.0475563   0.5733155  -0.9347096
   0.81283695 -0.82185125 
   0.43480605  0.68924224  0.3175539   0.60797584  0.3006349   0.45985603
   0.5174019   0.61407775 
  -0.8622126   0.31371358 -1.2032675   0.3518686  -1.1009593   0.36819586
  -0.9847972   0.31554848 
  -0.5963716  -0.64581245 -0.52429813 -0.60077035 -0.66968447 -0.664971
  -0.61022323 -0.74044114 
   1.4879467  -1.5376886   1.5676769  -1.5634615   1.5614412  -1.489258
   1.5698301  -1.5915931  
  -0.10714674 -0.99933106  0.22073781 -0.736534   -0.08344279 -0.9774889
   0.1553966  -0.7518689  
  -0.8646272   0.19787176 -0.90274644  0.2515405  -0.6429641   0.1368837
  -0.9488086   0.42620957 
   0.9811444  -1.8901968   1.101957   -1.9226881   1.164868   -2.0153513
   1.1478733  -2.012909   
  -0.37980142 -1.1074921  -0.29867685 -1.044431   -0.2685661  -0.9281248
  -0.38506797 -0.92154676 
  -0.6394085   0.58815616 -0.6878433   0.59687036 -0.85121983  0.8918556
  -0.82093304  0.5516931  
   0.7296265   0.0720491   0.5959269   0.2200945   0.5172905   0.05468833
   0.5534972   0.08788949 
   0.5980888   0.17992339  0.69451123  0.28632736  0.5120272   0.28016132
   0.5133365   0.2342497  
   0.15755166 -1.1042367   0.17650266 -1.2006351   0.5023229  -1.022453
   0.39632416 -1.0829043  
  -1.2796605   0.55656964 -0.8784604   0.39779866 -1.107979    0.4440126
  -0.85255784  0.02474715 
   0.41421103 -1.0417285   0.3472868  -1.2090861   0.09884945 -1.1560402
   0.10217736 -1.1572288  
   0.61508566 -0.93872696  0.49673676 -0.834282    0.5522979  -0.898316
   0.43639255 -1.21293    
  -0.90780324  0.0393598  -0.7067478   0.04949426 -0.93751514  0.01628876
  -0.8405729   0.13091415  
hidden1.bias   1.3766371  -0.43602833 -0.42310163 -1.1083485  -0.47365606  1.3744019
  1.3243474   2.1033425   0.8179035   0.38925713 -0.75425535  1.6426206
 -0.12088488 -0.6772689  -0.7092389   1.1077696  -0.14259465  1.2685149
  0.8441147   1.2307539  
hidden2.weight   -3.44562054e-01  1.99728742e-01  2.31006205e-01  8.72990787e-02
   3.04594368e-01 -6.36682868e-01 -5.92512190e-01  9.17439759e-02
  -5.43825291e-02 -7.39349052e-02 -7.35516250e-02 -4.86171722e-01
   1.66755274e-01  4.00022894e-01  4.13002893e-02 -4.60267961e-01
  -7.74237365e-02 -3.21160741e-02  1.03310652e-01 -5.99238098e-01 
  -3.48278880e-01  2.06649870e-01  4.12830561e-01 -6.91528916e-02
   3.88612926e-01 -3.16096425e-01 -5.99076807e-01 -5.21321356e-01
  -3.02107751e-01  4.44467515e-02 -7.40422755e-02 -5.37859261e-01
   3.54659051e-01  3.67020398e-01  4.11117762e-01 -4.44409996e-01
  -4.35176445e-03 -6.37944877e-01 -3.88383269e-01 -5.94342232e-01 
  -4.35208559e-01 -1.55141905e-01  3.22475255e-01 -3.04865465e-02
   6.29801825e-02  1.93096086e-01 -3.77897948e-01 -6.62798643e-01
  -1.99513495e-01  1.16144925e-01 -4.54996496e-01 -7.84465432e-01
   3.12692612e-01  7.56636113e-02  1.56173855e-01 -7.69456029e-01
   2.08729789e-01 -4.44202155e-01 -6.03244603e-01 -2.40476191e-01 
  -6.05188012e-01  1.93008468e-01  4.58786152e-02 -6.36177883e-02
   1.23599708e-01 -5.85292615e-02 -2.32415259e-01 -6.85341299e-01
  -4.51327920e-01  1.74160838e-01 -4.73501980e-01 -3.58053327e-01
  -9.73111577e-03 -5.26089855e-02  2.50885338e-01 -5.22548079e-01
   1.42832220e-01 -6.94732070e-01 -2.27357194e-01  1.57267181e-03 
   4.61558312e-01 -1.55556291e-01 -1.89486593e-01 -1.61572173e-01
  -4.08194751e-01  3.31006646e-01  5.47880709e-01 -1.37473404e-01
   4.19575870e-02  1.35295779e-01 -2.22435132e-01  3.72405320e-01
  -2.06319941e-03 -4.47589815e-01 -4.20774877e-01  4.92067151e-02
   1.58723397e-03  1.47438183e-01  2.31382046e-02  4.68378425e-01 
  -4.92290676e-01  2.80893326e-01  3.26795459e-01  8.32609311e-02
   9.06943716e-03 -3.28641474e-01 -2.59201348e-01 -3.11225466e-02
  -3.31024528e-01 -1.89583659e-01 -4.66023050e-02 -1.66804135e-01
  -2.38442749e-01  3.05792719e-01  2.76998192e-01 -3.27876419e-01
   1.08803965e-01 -9.35057923e-02  1.01416893e-01 -6.49676442e-01 
  -4.04532820e-01 -3.59080195e-01  1.45348102e-01 -4.43654358e-01
   5.81768155e-02  1.84570923e-01 -3.30086440e-01 -9.24578369e-01
  -5.11258304e-01  1.94453463e-01 -3.79201412e-01 -6.11477196e-01
   3.15039337e-01 -3.26778479e-02 -1.23557761e-01 -7.84051597e-01
   4.27778095e-01 -5.34985065e-01 -7.22780287e-01  3.05854976e-02 
  -7.40666926e-01  2.32073992e-01  1.36578172e-01  9.74964976e-01
  -2.12473840e-01 -1.11561966e+00 -6.43012226e-01  3.62098329e-02
  -1.39060333e-01 -1.11363244e+00  1.28023887e+00 -3.29427153e-01
  -7.83989608e-01  3.43888998e-01  2.10529014e-01  3.08599740e-01
  -6.23038530e-01  6.75759569e-04  2.47319594e-01 -1.49230218e+00  
hidden2.bias   0.06250373  0.15088332 -0.07734574 -0.03421488 -0.10644655 -0.01542569
  0.14748548 -0.24678579 
predict.weight    0.30853456  0.15046173 -0.06894387 -0.05485362 -0.43835855  0.25476256
  -0.27768716  0.44367853 
   0.19053072  0.30773312  0.24452625  0.22814707 -0.22383307  0.12164329
   0.5053818  -0.19606401  
predict.bias  0.3063194  0.16028562 
