hidden1.weight    8.85608569e-02 -4.22566801e-01  2.62428552e-01 -1.12701523e+00
   1.15582287e-01 -1.05465877e+00  2.24801935e-02 -1.69175851e+00
  -1.13616921e-01  9.58886445e-01 
  -2.68826544e-01 -3.58064979e-01 -9.03931633e-03 -4.70079362e-01
  -2.94370145e-01 -2.33349890e-01 -3.46014887e-01 -1.38660163e-01
  -1.40935883e-01 -2.74224788e-01 
  -1.23768777e-01 -4.63312954e-01 -1.67284861e-01 -7.22141325e-01
   5.03303036e-02 -5.80634296e-01 -4.28681791e-01 -5.01913548e-01
   2.15585418e-02 -4.99506354e-01 
   4.32347387e-01 -1.23791862e+00  2.14161858e-01 -7.12699816e-02
   3.69021267e-01 -2.17172317e-03  4.79689509e-01  1.59843206e-01
   2.81704932e-01  6.31512880e-01 
   1.46627116e+00 -2.53901873e-02  1.38793087e+00 -2.01892197e-01
   1.42477405e+00 -4.79472354e-02  1.59314156e+00 -1.75856352e-01
   1.84075618e+00 -6.14553690e-01 
  -8.22511435e-01 -1.77661681e+00 -9.55669105e-01 -1.70120311e+00
  -8.07708502e-01 -1.77602792e+00 -8.52530122e-01 -1.80180407e+00
  -8.45128596e-01 -1.68870032e+00 
   2.09418282e-01 -7.28236735e-01 -3.05288553e-01 -6.43793106e-01
   1.65699750e-01 -8.29208076e-01  3.79474133e-01 -7.69327641e-01
  -3.60807240e-01 -6.99501753e-01 
  -7.73993433e-01  1.32307649e-01 -9.47349012e-01 -8.86914954e-02
  -8.88268948e-01  1.46535993e-01 -7.61544287e-01  6.00998402e-01
  -7.04233706e-01  2.99610853e-01 
  -2.24651352e-01 -8.42744052e-01  8.45279843e-02 -7.95440257e-01
  -3.64725649e-01 -8.77115905e-01 -2.56700873e-01 -9.31156099e-01
  -2.74290711e-01 -6.49303794e-01 
   1.40406799e+00 -1.35471895e-01 -2.33751822e+00 -3.19745272e-01
   1.32978511e+00 -1.27688929e-01  1.33082390e+00 -1.87237620e-01
   1.33307600e+00 -2.01444790e-01 
   1.31066012e+00 -3.20286691e-01  1.31050134e+00 -2.85944343e-01
   1.33186626e+00 -2.63644129e-01 -2.83685660e+00 -5.18218935e-01
   1.27724838e+00 -2.78234005e-01 
  -1.54238105e-01 -7.37536311e-01  3.76350224e-01 -8.67073476e-01
   8.64030644e-02 -5.48262000e-01  3.05758834e-01 -1.18587434e+00
   5.75974166e-01 -6.99631929e-01 
   6.57840297e-02  2.18667343e-01  3.21558684e-01 -1.36177272e-01
  -5.35331666e-02 -3.65220368e-01  3.72886360e-02  5.83772719e-01
   2.78685808e-01 -4.71092053e-02 
  -2.74566340e+00 -4.63267922e-01  1.31915379e+00 -1.51577443e-01
   1.26499581e+00 -1.89633623e-01  1.25515711e+00 -2.63454914e-01
   1.33801079e+00 -1.75260440e-01 
   1.21996880e+00 -1.31795037e+00  1.19601846e+00 -1.37682283e+00
   1.19991469e+00 -1.35012734e+00  1.15708125e+00 -1.24961281e+00
   1.16735637e+00 -1.29961395e+00 
   1.31688869e+00 -3.15288603e-01  1.29532969e+00 -2.42904842e-01
   1.25345671e+00 -3.03130090e-01  1.33186471e+00 -2.90413260e-01
  -3.00887394e+00 -5.37684858e-01 
  -4.55567032e-01  8.37173343e-01 -4.03395861e-01  9.84866381e-01
  -4.92308646e-01  8.92532289e-01 -6.25722289e-01 -7.75041223e-01
  -5.00155389e-01  5.13633609e-01 
  -1.32490411e-01  5.70839226e-01 -3.21785122e-01  7.40928173e-01
  -1.35975024e-02  7.64096379e-01  1.20429903e-01  1.03205514e+00
   1.60526797e-01  3.42324585e-01 
   1.29413784e+00 -2.51618326e-01  1.36467075e+00 -1.21369354e-01
  -2.65763450e+00 -3.90359968e-01  1.25717974e+00 -2.31452212e-01
   1.28575253e+00 -2.25593999e-01 
  -8.28670803e-03 -8.70217025e-01  2.23821048e-02  4.98889953e-01
  -2.06612781e-01 -4.38397855e-01 -5.84164299e-02 -7.46306121e-01
  -3.19480538e-01 -4.81685638e-01  
hidden1.bias  -1.0390791   0.77616423  1.3348837  -1.1218944   0.3367601   3.3242857
  1.6159626   1.5658987   0.81098413 -1.1346244  -0.4481179   1.3735389
 -0.8504934  -0.71680504 -2.4459345  -0.434896   -0.3990142  -1.0219581
 -0.7571566   1.4075718  
hidden2.weight   -3.2054809e-01 -6.5927553e-01 -9.2593479e-01  9.0818748e-02
  -2.1266824e-01  5.5402535e-01 -8.8452303e-01 -6.5067053e-01
  -7.6126564e-01 -1.8815880e-03  2.5206646e-01 -5.9562665e-01
   1.5104486e-01 -2.4991328e-02  2.2538432e-01  8.1564359e-02
  -6.6214658e-02  2.7784035e-01 -7.5742170e-02 -8.6055762e-01 
  -5.9999403e-04 -5.8600837e-01 -5.6709182e-01  9.6061110e-02
  -1.5101792e-01 -7.7504826e-01 -5.2763474e-01 -8.4190542e-01
  -3.1738129e-01  1.2344953e-01  3.3279157e-01 -1.4240235e-01
   3.2306924e-02  3.3673248e-01  8.3521158e-01  3.4391126e-01
  -3.3335161e-01 -1.0948722e-01  3.7299263e-01 -4.9344665e-01 
   1.6455448e-01 -4.7798714e-01 -5.0405872e-01  3.4446192e-01
   2.8579015e-01 -2.0882549e+00 -2.3595512e-01 -1.6956552e+00
  -2.2964871e-01  7.3131138e-01  7.5300688e-01  1.2686774e-01
   7.5117543e-02  6.1152995e-01  3.3246036e+00  6.4988804e-01
  -7.5832510e-01 -2.6741102e-01  7.0035070e-01 -5.7268828e-01 
  -2.9609731e-01 -4.3390796e-01 -4.6425992e-01  5.8616083e-02
   6.6268124e-02  1.9360480e-01 -1.9426358e-01 -9.5758218e-01
   2.6472327e-01  3.8633147e-01  4.6306174e-02 -4.2306820e-01
  -3.5860354e-01  1.3585748e-01  1.6293119e+00 -1.3320832e-01
   1.1505475e-01 -1.2580371e-01  9.0774082e-02 -1.5106186e-01 
   3.0248865e-01 -1.3825093e-01 -6.4757383e-01  6.5288305e-01
  -6.1376572e-01 -2.3444664e-01 -7.9101926e-01 -3.1778401e-01
  -5.5433381e-01 -1.2907223e-01  2.6838949e-01 -6.7845446e-01
   3.3152559e-01 -1.0169825e-01  2.8767377e-01 -1.3913031e-01
   2.2859338e-01  3.3194292e-01 -5.2491628e-02 -4.1003567e-01 
  -3.3461165e-01  9.4955802e-02  2.0541850e-01 -2.8740874e-01
   1.5518615e-01  1.1989605e+01 -2.1221166e-02 -4.1547999e-01
   1.0030444e+00 -2.4096041e+00 -1.6737670e+00  2.8772476e-01
  -5.1333517e-01 -1.9300826e+00 -4.3703761e+00 -1.7318695e+00
  -7.9710014e-02 -6.1316139e-01 -1.8324375e+00 -7.1002193e-02 
   3.7152463e-01 -4.1666272e-01 -1.0822729e+00  3.3599311e-01
  -8.3460498e-01  2.1426198e-01 -6.4027822e-01 -8.5444891e-01
  -4.9189168e-01  3.5553572e-01 -2.7297950e-01 -8.4970838e-01
   5.9363079e-01  2.9128805e-01  4.5338392e-01  2.3214976e-01
   7.6010710e-01  5.6179208e-01  2.0282844e-01 -7.7762347e-01 
   2.1123236e-01 -2.7168855e-01 -3.6429366e-01  4.6654664e-02
  -2.0018063e-01 -1.1413630e-01 -3.0707467e-01 -3.7017122e-01
  -1.4249994e-01  2.8468242e-01  2.6172009e-01 -4.2261118e-01
   1.6125235e-01  2.7902672e-01 -9.4248945e-01  2.4600033e-01
   4.0758151e-01  4.4123256e-01  2.5454542e-01 -2.2002856e-01 
   6.9828243e-03  6.6012442e-01  6.4483725e-02  1.6521366e-01
  -4.6361396e-01 -1.0347984e+01  8.5929781e-02  8.3808291e-01
  -7.6947200e-01 -1.2767631e+00 -1.3049759e+00 -2.8069392e-01
   5.3147835e-01 -1.2007071e+00 -1.4700598e+00 -1.3421922e+00
   8.4977877e-01  6.3747662e-01 -1.2806743e+00  3.1997335e-01 
   7.3633701e-01  1.0696281e-01 -3.0195761e-01 -2.2008475e-02
  -6.0569590e-01 -6.2741804e+00 -7.3679827e-02  9.6646696e-02
  -1.1759704e+00 -1.7208496e+00 -1.2030574e+00 -7.0555001e-01
   1.9887239e-01 -1.2085122e+00  1.7995209e-01  7.5383484e-01
  -6.2378663e-01 -4.0838510e-01 -1.2775147e+00  6.6016346e-02  
hidden2.bias  -0.03546524 -0.30723026 -0.20983835 -0.12484432  0.10047903 -0.06169344
  0.25832388  0.17615357 -0.01278911 -0.44964457 
predict.weight    0.20373614  0.4319002   0.4280676   0.31803313  0.04685288 -0.06166466
   0.22124319  0.2082373  -0.30870125 -0.18563896 
   0.17900144  0.01622383 -0.06061175 -0.13526943  0.4864862  -0.13595152
   0.4092733   0.47964802  0.43740755  0.3232657   
predict.bias  -0.03788218  0.03975351 
