hidden1.weight   -0.77234316  0.20770201 -0.57500976  0.2716278  -0.741042    0.11203241
  -0.7348969   0.12498939 -0.6936882  -0.08491612 -0.7433335  -0.30707365 
  -0.16090769  0.67459595 -0.4224043   0.466696   -0.03081352  0.4902082
  -0.20344509  0.6480693  -0.3640377   0.40701222 -0.17361516  0.39684635 
  -0.4651103  -0.29759198 -0.37375963 -0.37148574 -0.32743326 -0.3022128
  -0.2823902  -0.32231772 -0.3512037  -0.2823518  -0.41206667 -0.33459723 
  -0.33866692 -0.6677564  -0.26445588 -0.6113655  -0.37376365 -0.62739974
  -0.45011795 -0.72978246 -0.51171845 -0.7896232  -0.36164188 -0.73717195 
   0.25358412 -0.4500467  -0.33175206 -0.9917123   0.9186474  -0.42248708
   0.62120324 -0.18751992  0.0123192  -0.6876585   0.7077017  -0.48071203 
   0.24498984  0.2801439   0.25759262  0.17330867  0.31706077  0.03082639
   0.37346768  0.00193213  0.41873434 -0.03066386  0.37208945  0.19801821 
   0.32823056 -0.03911334  0.1114755  -0.06131621  0.20211841 -0.07964241
   0.34618586  0.03796601  0.3079731   0.0834204   0.28609887  0.06020745 
   0.5213938   0.19938007  0.30297604  0.33424458  0.5426948   0.18601999
   0.07506272  0.25546178  0.3644046   0.10941048  0.1524782   0.24460661 
  -0.418376   -0.78963435 -0.5412352  -0.7953567  -0.4296707  -0.81816876
  -0.5501183  -0.8067665  -0.47473404 -0.816819   -0.50463676 -0.7602714  
  -1.0365211  -0.04215544 -0.97159904 -0.07903601 -0.9394372   0.08664475
  -0.9496559  -0.00234495 -0.8284905   0.33183658 -0.735566    0.7159321  
   0.07506371  0.36904252  0.09787332  0.35253784  0.08539601  0.39814743
   0.15559825  0.44215527  0.25591385  0.4575046   0.15109602  0.36279786 
  -0.24477641 -0.20861734 -0.36947116 -0.29571816 -0.43647674 -0.32630068
  -0.39298925 -0.36552548 -0.30445722 -0.36320361 -0.27537605 -0.33525315 
  -0.9022016  -0.24885944 -0.6051531   0.7027784  -0.7817978   0.23000878
  -0.877283    0.01640894 -0.6830397   0.23222122 -0.6370136   0.3427139  
  -0.5028521   0.03532098 -0.54263616 -0.14753357 -0.32187498  0.5251364
  -0.46393195  0.187697   -0.5064178  -0.06050822 -0.41951787  0.1193174  
   0.5578233  -0.8764796   0.01410783 -1.0214769   0.24966869 -0.99320453
   0.3837581  -0.94426715  0.10902588 -1.0088385   0.06734743 -1.0417573  
   0.7126256  -0.69358796  0.98085374 -0.33173153  0.80865175 -0.59157175
   0.7103887  -0.5354771   0.92765534 -0.54869866  0.9126043  -0.5628319  
  -0.3127868  -0.39475095 -0.40130883 -0.5440921  -0.44361743 -0.5690517
  -0.3147681  -0.4691847  -0.3312183  -0.4181328  -0.2761566  -0.4317446  
  -0.46850407 -0.9409772   1.2693132  -0.21757615  0.643822   -0.45222658
  -0.1652945  -0.74569035  0.8325584  -0.4416889   0.7032907  -0.41665047 
  -0.03237045  0.45980272  0.20904276  0.27420923  0.36467376  0.5095645
   0.2631135   0.42807716 -0.23701465  0.35657382 -0.18252082  0.12559819 
   0.7221511  -0.02643253  0.79620534  0.0250779   0.01659115 -0.37059778
   0.4722226  -0.44521987  0.5634245  -0.2035402   0.18139441 -0.38872004 
  -0.5150528  -0.8920253  -0.47417593 -0.78717804 -0.3285808  -0.7591596
  -0.3399883  -0.72806007 -0.35608852 -0.7645114  -0.50026876 -0.81908697 
   0.8938331  -1.4229097   0.93745565 -1.4243792   0.97571534 -1.403713
   0.9065707  -1.4367533   0.9031812  -1.4582672   0.8946499  -1.4181896  
   0.7155162  -0.4530182   0.3620056  -0.6002395   0.66211164 -0.02423915
   0.8104147  -0.28892803  0.5167349  -0.27859113  0.80234337 -0.00164535 
   0.500509   -0.06310425  0.3333767   0.13209005  0.40918967  0.07876243
   0.28417215  0.06160204  0.36015117 -0.03553169  0.3179359  -0.06709028  
hidden1.bias   1.9944359  -0.82121897  0.7384811   1.0573591   0.13047712 -0.9586168
 -0.13773473 -0.27478153  1.3106192   2.0978012  -0.55852747 -0.07758392
  0.17950119 -0.02549951  2.2714653   1.031857    0.3646648  -0.09309457
 -0.38383615 -0.79166347  1.4657661  -1.3643705  -0.82341784 -0.4373046  
hidden2.weight   -6.01962991e-02  4.40620810e-01 -9.10346061e-02 -8.83593500e-01
  -5.13768315e-01 -1.43531188e-01 -1.36850094e-02  1.93196256e-02
  -9.94833827e-01  1.56092852e-01  4.39728379e-01 -3.64522964e-01
   3.89827728e-01  3.01748246e-01 -1.17240441e+00 -7.15794623e-01
  -3.93402725e-01 -3.82272482e-01  5.57531193e-02 -3.46080154e-01
  -1.13225591e+00 -9.43967402e-01 -4.92901891e-01 -1.11225717e-01 
   5.90465739e-02 -3.69330436e-01  2.10268259e-01  4.47581410e-01
  -2.61671960e-01 -2.81094223e-01 -1.05047517e-01 -4.25662428e-01
   3.91640812e-01  5.73681593e-02 -3.92754376e-01  1.84139043e-01
  -1.10480376e-01 -4.45404314e-02  1.53851822e-01  6.37137890e-02
   2.73249298e-01 -5.55517040e-02 -3.31474066e-01 -1.42765880e-01
   4.40451235e-01  1.25889182e-02 -1.56047150e-01 -3.17678869e-01 
  -6.38522208e-01 -6.33108377e-01 -1.88934624e-01 -5.71317971e-01
   1.20827839e-01 -4.10170823e-01  3.19731571e-02 -3.52916032e-01
  -6.02947414e-01 -8.13146710e-01 -2.42216244e-01 -2.56486356e-01
  -7.61419356e-01 -6.99060202e-01 -1.65134236e-01 -8.16972852e-02
  -1.15670048e-01 -8.46270919e-02 -5.63255072e-01  7.73054212e-02
  -2.08196983e-01  1.88578677e+00  1.22775033e-01 -7.87968561e-02 
  -5.36694348e-01  6.26332685e-03 -4.75848198e-01 -4.17992234e-01
   1.25678450e-01  3.07761103e-01 -3.31903552e-03  3.54769081e-02
  -3.19696456e-01 -5.11285424e-01  1.64686427e-01 -2.35561669e-01
  -2.79441290e-02 -2.39294052e-01 -8.31564665e-02 -1.19532011e-01
  -3.78414094e-01  1.81004927e-01 -1.92300305e-01  3.34216654e-01
  -5.95947862e-01  4.10606802e-01  1.74342126e-01  3.78671847e-02 
  -4.53045428e-01 -4.40085977e-01 -4.52739060e-01 -6.95944548e-01
   2.44698837e-01 -1.06879272e-01 -6.08299747e-02  5.40851615e-03
  -5.85969746e-01 -8.41395736e-01 -9.87555832e-02 -4.39766884e-01
  -4.96572793e-01 -5.04000008e-01  1.44251019e-01  9.27971452e-02
  -3.32234502e-01 -8.93178862e-03 -3.21502537e-01  1.88515052e-01
  -4.34613824e-01  1.74115264e+00  3.16007406e-01  1.22023458e-02 
  -6.07586980e-01 -2.05053892e-02 -4.06471699e-01 -3.73227328e-01
   1.18308604e-01  1.95453480e-01  2.94759106e-02 -1.04922295e-01
  -4.71605450e-01 -6.25039339e-01  1.64202556e-01 -2.60017574e-01
  -2.65183121e-01 -1.14866562e-01 -3.54526043e-01  2.34341715e-02
  -2.30967224e-01  2.63798535e-01  1.83894977e-01 -8.45838152e-03
  -4.65519607e-01  3.78935188e-01  3.20966989e-01  1.28840059e-01 
  -9.16231573e-01  9.70185846e-02 -4.77069259e-01 -6.62424207e-01
   1.09333359e-01  3.44721645e-01 -1.44517019e-01 -1.35525048e-01
  -6.10794187e-01 -7.35514045e-01 -3.98756638e-02 -3.00287098e-01
  -4.42534573e-02 -3.48262727e-01 -4.84321564e-01 -6.78202510e-03
  -4.75587904e-01 -6.31035045e-02  1.76025465e-01  1.16450218e-02
  -3.27371240e-01  4.53290790e-01  3.22329700e-01  2.15062976e-01 
  -4.12810408e-03  3.28958482e-01 -1.76093400e-01 -6.80941105e-01
  -6.54945076e-01 -9.00359154e-02 -3.21756124e-01 -3.32126290e-01
  -7.72692323e-01  2.60691553e-01  1.33257911e-01 -1.36301354e-01
   4.54415202e-01  4.56479602e-02 -6.46045983e-01 -8.66727412e-01
  -4.80028719e-01 -5.20040214e-01 -1.20426573e-01 -6.44366980e-01
  -1.00688004e+00 -7.96997964e-01 -6.95526302e-01 -4.34447974e-01 
  -2.08494663e-01  7.27696598e-01 -4.93567348e-01 -9.85685945e-01
  -2.19610766e-01  4.97227237e-02  1.64869383e-01  1.92997962e-01
  -1.01767409e+00 -2.06036791e-01  4.61036116e-01 -1.65670857e-01
   1.58502370e-01  1.61190361e-01 -1.00701118e+00 -5.91188610e-01
  -4.60068226e-01 -5.17551720e-01  4.19084847e-01 -5.65980896e-02
  -9.74747717e-01 -1.20762753e+00 -4.16354164e-02  1.47779360e-01 
   1.29509434e-01 -2.63768733e-01 -2.28784475e-02  2.51924753e-01
  -1.55212075e-01 -5.65664172e-01 -4.29924309e-01 -3.57980132e-01
   3.99561435e-01 -2.57071108e-01 -4.56463188e-01 -5.41279241e-02
  -1.97882980e-01 -2.97082931e-01  6.78244829e-02 -6.83572069e-02
   2.10855186e-01 -6.13514185e-01 -1.05288565e-01 -4.77936447e-01
   1.75628457e-02 -1.01516530e-01 -2.49183729e-01 -3.45983148e-01 
   1.56630591e-01  3.38391215e-02  9.86269563e-02  3.42092544e-01
  -9.61935967e-02 -2.01889038e-01 -4.20110732e-01 -1.39263958e-01
   3.63991529e-01  2.30118290e-01 -1.57419860e-01  7.07740858e-02
  -5.00827208e-02 -1.19139552e-01 -2.16553539e-01 -3.49030018e-01
   2.31191382e-01 -2.56585360e-01 -2.43528336e-01 -3.23503882e-01
   7.45621249e-02 -3.55496585e-01 -3.18866581e-01 -3.89421642e-01 
  -5.24126291e-01  9.99335870e-02 -1.37896970e-01 -2.63682574e-01
  -1.99768364e-01  2.05469534e-01  7.83655867e-02  8.49907100e-02
  -3.11695695e-01 -2.08073616e-01  3.14331979e-01 -3.34707260e-01
   1.51965514e-01 -1.92904621e-01 -6.19180501e-01 -3.31560493e-01
  -4.42681253e-01 -8.74746665e-02  8.67249561e-04  2.35732764e-01
  -4.33195323e-01 -2.33036652e-01  2.29170054e-01  2.55040050e-01  
hidden2.bias  -0.06876548 -0.09974595 -0.35368758 -0.07654069 -0.29548568 -0.02754623
 -0.00096439 -0.07400126 -0.11091761 -0.26994616 -0.12605456 -0.09982409 
predict.weight   -0.09828161 -0.11265589  0.20049618  0.31674495  0.2728008   0.3315317
   0.19131686 -0.23511031 -0.06477197 -0.04648778 -0.22882678  0.22103974 
   0.35806215 -0.26514122 -0.1622963   0.01243158 -0.1921235   0.12776032
   0.05112028  0.31914568  0.3527184  -0.04892235  0.06868922  0.34454834  
predict.bias  0.14409114 0.20725903 
