hidden1.weight   -4.00471598e-01  8.26301649e-02 -5.69086492e-01 -2.13559285e-01
  -2.78619021e-01 -3.07770640e-01 -2.74521261e-01 -3.01536947e-01
  -5.04875183e-01 -2.51141172e-02 -2.28217065e-01 -5.78938127e-01
  -6.99117899e-01 -5.30999433e-03 
   4.58934754e-01  4.47753757e-01  5.75242996e-01  2.00315624e-01
   3.92089218e-01 -1.42310783e-01  2.05905974e-01  2.92614937e-01
   2.61874259e-01  2.50880588e-02  2.45728731e-01  2.32489053e-02
   3.30166221e-01 -1.96302272e-02 
  -7.54230917e-01 -1.21840763e+00  7.25646257e-01 -2.88286299e-01
   8.11720908e-01  1.91055201e-02  4.36919332e-01 -4.40204650e-01
   2.99140930e-01 -3.94950628e-01  7.47236907e-01 -2.41140470e-01
   5.51854730e-01 -3.69637966e-01 
  -4.19476986e-01 -6.00420535e-01 -5.09412169e-01 -4.97981399e-01
  -5.48246741e-01 -5.87512553e-01 -5.72458148e-01 -4.95311975e-01
  -4.05522078e-01 -4.37337607e-01 -5.46572804e-01 -5.47651589e-01
  -4.06701624e-01 -3.37289333e-01 
  -7.81680420e-02 -1.11765420e+00 -4.62418757e-02 -8.06074262e-01
  -1.06037818e-01 -1.01324987e+00 -1.86725840e-01 -8.22387516e-01
   1.99566633e-01 -6.70435727e-01 -2.10308656e-01 -4.89853382e-01
  -1.05637871e-01 -8.05838764e-01 
   1.43581972e-01  4.98566628e-01 -7.63430120e-03  4.37105864e-01
   5.49674965e-02  2.67951608e-01  8.23983401e-02  3.32180560e-01
   2.63919383e-01  4.84467089e-01  1.40731732e-04  3.26870739e-01
   2.41357312e-01  4.65989500e-01 
   2.01625854e-01  3.86945233e-02  3.65194499e-01  2.72637188e-01
   4.60776091e-01  2.53862768e-01  4.08609897e-01 -2.02571154e-01
   3.67494911e-01  3.24878722e-01  3.55476439e-01  1.52410969e-01
   1.63676128e-01 -2.23816842e-01 
   6.32830989e-03 -1.11560595e+00 -1.90216675e-01 -8.02364826e-01
  -3.31055343e-01 -8.29994142e-01 -5.10048985e-01 -7.28336155e-01
  -1.48651436e-01 -8.56638193e-01 -4.71816987e-01 -6.27628982e-01
  -2.25554645e-01 -8.62784505e-01 
   9.99818966e-02  1.43787548e-01  2.25569457e-01  8.00907463e-02
   1.12825654e-01  2.76568949e-01  3.23388204e-02  3.25644433e-01
   2.79304504e-01 -2.73574471e-01  2.87712872e-01  1.01768084e-01
   1.01580702e-01  8.24252069e-02 
  -5.11843801e-01  2.02724859e-01 -5.14462054e-01 -4.66762595e-02
  -5.80089569e-01 -5.55828447e-03 -5.68098664e-01 -6.79903477e-02
  -6.18820012e-01  1.97237115e-02 -5.86136699e-01 -6.71040639e-02
  -5.79537213e-01 -6.66277558e-02 
   2.65251279e-01  6.84918940e-01  1.42263606e-01  4.99603599e-01
   1.80488884e-01  5.13209283e-01  2.16665640e-01  3.30130368e-01
   3.00907701e-01  6.48238003e-01  2.09582180e-01  4.86024380e-01
   1.04410782e-01  4.96173054e-01 
   6.43570364e-01  1.60382882e-01  3.20645988e-01 -4.24866229e-01
   3.43058348e-01  4.14565802e-02  5.57045877e-01  9.02789608e-02
   5.57078183e-01 -1.03413880e-01  4.52226818e-01 -3.87823433e-01
   4.33000773e-01  1.80586670e-02 
   3.23474467e-01  9.73629206e-02  3.85207057e-01 -1.57941394e-02
   3.73598844e-01  2.60959089e-01  4.45244759e-01 -5.03078289e-02
   2.99720585e-01 -1.09047942e-01  3.43632251e-01  2.41166428e-01
   2.48149410e-01  2.90033996e-01 
  -1.34572729e-01  4.82487500e-01 -5.03843501e-02  4.39975530e-01
  -4.31133479e-01  4.18163836e-01 -2.75712311e-02  6.56049967e-01
  -3.23886752e-01  7.08318949e-01  3.37448786e-03  8.72570992e-01
  -4.43983153e-02  6.99581742e-01 
  -5.62653303e-01 -1.07863352e-01 -5.40066659e-01 -3.94272767e-02
  -5.40976167e-01 -7.53461048e-02 -4.96978253e-01  1.42713897e-02
  -4.79483634e-01 -1.25017241e-01 -6.28577530e-01 -1.23314075e-01
  -6.04695141e-01 -8.83724168e-02 
  -4.16418195e-01 -2.54444927e-01 -3.01276267e-01 -2.96358794e-01
  -4.27422017e-01 -3.07856530e-01 -3.93436372e-01 -2.69216269e-01
  -2.74451017e-01 -2.47251436e-01 -2.42566258e-01 -2.10239634e-01
  -4.57658499e-01 -4.45820987e-01 
  -9.37153697e-01  9.83065888e-02 -8.24108660e-01 -2.70270295e-02
  -4.83955920e-01  4.53241616e-01 -7.66712844e-01  2.07845628e-01
  -6.73551500e-01  2.67467320e-01 -4.43143398e-01  6.46818995e-01
  -2.86046565e-01  5.89132786e-01 
   1.09890833e-01  4.45695996e-01  2.43940145e-01  5.13896227e-01
  -2.86257025e-02  3.27578843e-01  3.57690416e-02  3.50472838e-01
   2.35608026e-01  4.36414838e-01  4.86441590e-02  5.00953197e-01
   6.15768917e-02  4.29776967e-01 
   3.87832820e-01  1.37241140e-01 -9.42827314e-02  3.38572055e-01
   1.59635529e-01  3.56635958e-01 -7.50638098e-02  3.43399763e-01
   1.01482995e-01  5.21496117e-01 -5.96332550e-02  2.54168630e-01
  -2.40638796e-02  3.47940087e-01 
   1.05197155e+00  1.02685846e-01  5.11936545e-01 -5.40871501e-01
   2.15161756e-01 -9.26133215e-01  1.80696696e-01 -8.30062270e-01
   4.93395627e-01 -1.94011107e-01  7.79639721e-01  8.77832100e-02
   7.51477778e-01  2.13634372e-02 
  -3.67590010e-01  1.73779234e-01 -5.28508782e-01 -7.22946823e-02
  -5.43189108e-01 -8.95470232e-02 -3.05441499e-01 -9.14997458e-02
  -4.66357380e-01 -9.75348428e-02 -5.65787077e-01  8.65379125e-02
  -3.80208582e-01 -5.35200052e-02 
  -3.00710171e-01 -4.49641079e-01 -3.34245592e-01 -3.33506167e-01
  -4.59730536e-01 -4.23030764e-01 -7.40993321e-01 -6.84104323e-01
  -5.20273983e-01 -5.26703835e-01 -4.42368180e-01 -4.26691860e-01
  -4.51468527e-01 -3.87209088e-01 
  -1.05967247e+00  1.39960086e+00 -9.29477394e-01  1.51125574e+00
  -8.74954402e-01  1.59677696e+00 -9.80858803e-01  1.52536297e+00
  -9.42771316e-01  1.46241999e+00 -1.00566268e+00  1.59894729e+00
  -9.03100431e-01  1.50150704e+00 
  -9.95925665e-02  4.78486389e-01  8.24960098e-02  6.55924678e-01
   4.74493802e-02  3.75605613e-01  1.95852578e-01  5.19757152e-01
   3.19076955e-01  4.28329378e-01  1.51597977e-01  4.02557433e-01
   2.89581686e-01  5.77374458e-01 
   9.43491086e-02  4.05838162e-01  1.75124362e-01  3.88488144e-01
   3.02112818e-01  3.56598705e-01  3.35855156e-01  3.95286709e-01
   2.50130683e-01  3.85412186e-01  2.58572787e-01  4.46188182e-01
   2.59702861e-01  4.56904769e-01 
  -1.18005268e-01 -3.86804938e-01 -4.71420921e-02 -5.04686236e-01
  -2.29745641e-01 -5.56084335e-01  2.25196734e-01 -5.55293500e-01
  -1.26742065e-01 -5.65388203e-01 -3.73167992e-02 -5.58002949e-01
   1.60519034e-02 -6.66232526e-01 
   9.03398693e-01 -7.64117837e-01  1.04863191e+00 -6.98616743e-01
   1.13128757e+00 -7.27299094e-01  1.14403737e+00 -7.95622587e-01
   1.05753469e+00 -7.58491337e-01  1.11083901e+00 -7.41723537e-01
   1.06574404e+00 -8.14244568e-01 
  -6.93077564e-01  4.61433828e-01  1.16699088e+00  1.80403233e+00
  -9.27461088e-01  4.18681324e-01 -8.75854313e-01  1.49664313e-01
  -3.34550172e-01  6.19055927e-01 -1.65178657e-01  7.67562389e-01
  -9.75700676e-01  1.44756913e-01  
hidden1.bias   1.9371753  -0.08193474 -0.11581089  0.71046764  0.03359361 -0.2853524
 -0.43064895  3.9579508  -0.49876672  0.6252153  -0.44775152 -0.12454896
 -0.78538257 -0.755288    0.7343334   0.3203415   0.9073248  -0.60763407
 -0.7185074  -0.66025347  0.31127965  0.463678    1.1914618  -0.52748513
 -0.40006676  1.2508295   1.5639068  -0.57929385 
hidden2.weight   -5.47797740e-01  1.09962136e-01  2.02398002e-02 -6.77633107e-01
  -4.53308746e-02 -7.65899196e-02 -1.27387822e-01 -4.64408308e-01
   1.49604633e-01 -6.52529478e-01 -2.40221173e-01  5.49092405e-02
   2.82011002e-01 -2.21438602e-01 -7.44836628e-01 -4.22345757e-01
  -9.45608079e-01  3.92292365e-02 -7.27102980e-02 -1.28585055e-01
  -8.18652809e-01 -6.40065134e-01 -5.02896965e-01 -3.48975025e-02
  -1.58390694e-03 -3.29322189e-01 -2.47184336e-01 -1.50606647e-01 
  -7.38959432e-01 -7.78977945e-02 -4.54908349e-02 -6.22442544e-01
  -3.41752291e-01 -3.31840575e-01 -2.08266988e-01  2.11907119e-01
  -1.65298909e-01 -5.43553054e-01 -2.47209594e-01 -4.23345029e-01
  -4.11278456e-01 -5.70594609e-01 -2.40223899e-01 -5.09712398e-01
  -7.01262116e-01 -4.44812417e-01 -2.60277629e-01  6.00568242e-02
  -6.27930999e-01 -7.03688860e-01 -9.56590474e-01 -5.52108645e-01
  -4.69520807e-01 -2.88469613e-01 -8.29142183e-02 -5.01468658e-01 
  -3.54142755e-01  1.81810141e-01  3.42401303e-02 -4.57302362e-01
  -1.93712637e-01  1.62234843e-01  4.87524904e-02 -3.98056209e-01
  -7.48980716e-02 -3.26695591e-01  2.61642784e-01  1.54370368e-01
   8.53025019e-02  5.87778445e-03 -2.60169119e-01 -3.85554314e-01
  -3.81545871e-01  1.58111319e-01  2.37609565e-01  1.52563453e-01
  -2.77865201e-01 -1.67011574e-01 -2.25571424e-01  1.15200758e-01
   1.44401595e-01 -2.65851408e-01  5.67993298e-02 -1.05555192e-01 
  -7.86570191e-01  3.02990615e-01  4.67871875e-01 -5.49557090e-01
   1.44162754e-04  1.12845348e-02  4.52722251e-01 -5.19285202e-01
   1.63099259e-01 -7.44489074e-01  6.51560202e-02  4.21335787e-01
   3.82981777e-01  2.29193494e-02 -7.94872761e-01 -8.73882473e-01
  -1.03630030e+00  1.16153926e-01  1.99590754e-02  5.48611403e-01
  -6.18819773e-01 -5.35058081e-01 -1.04688621e+00  1.01491503e-01
   3.56715769e-01 -3.10272127e-01  1.80775434e-01 -2.25178882e-01 
   2.23639145e-01 -4.18307602e-01 -1.11239916e-03  1.12326682e+00
   8.67095530e-01 -4.50241238e-01 -5.19660830e-01  7.17600703e-01
  -2.53903657e-01  5.69597721e-01 -3.33586007e-01 -3.71525079e-01
  -5.02363384e-01 -4.00978118e-01  7.30180681e-01  6.83538795e-01
  -1.22388884e-01 -2.03488469e-01 -2.27399647e-01 -1.50823653e-01
   1.87249422e-01  1.30313230e+00 -2.68459320e-01 -5.28687775e-01
  -5.08637011e-01  3.10844660e-01 -5.63133601e-03 -2.95028269e-01 
  -6.03943467e-01 -7.47702047e-02 -9.82413068e-03 -6.35368109e-01
  -4.09532845e-01 -2.61773844e-03 -1.57401606e-01 -8.15322578e-01
  -1.25783950e-01 -5.06983042e-01 -3.05170566e-02 -9.28844362e-02
   4.10009362e-02  3.28456253e-01 -6.40751123e-01 -3.50152373e-01
  -7.51382634e-02  2.49537796e-01  1.53609574e-01  5.54275438e-02
  -4.30720150e-01 -5.35833418e-01 -2.66656168e-02 -1.31032076e-02
  -1.09635979e-01 -5.83358943e-01 -4.15756792e-01  4.08677235e-02 
  -5.11942446e-01 -6.22325301e-01 -4.88230288e-01 -4.19569939e-01
  -4.32010770e-01 -5.01750886e-01 -6.93182468e-01 -7.32651472e-01
  -3.83822322e-01 -6.53931499e-01 -6.11346781e-01 -5.11909842e-01
  -5.07346332e-01 -4.54105556e-01 -5.35391927e-01 -6.82655632e-01
  -5.90641499e-01 -4.43129718e-01 -5.76661110e-01 -7.47804046e-01
  -6.43524528e-01 -4.35873628e-01 -4.53361988e-01 -4.62675482e-01
  -5.30371308e-01 -6.16603911e-01 -6.15561366e-01 -3.84459108e-01 
  -4.55969244e-01 -1.19059592e-01 -2.50871688e-01 -6.21208847e-01
  -4.83033746e-01  1.24761932e-01  1.42236687e-02 -7.66214013e-01
   8.27928707e-02 -8.62118676e-02  2.94851810e-01 -1.17825776e-01
   2.77770311e-02  4.15452003e-01 -1.73946694e-01 -4.52955663e-01
  -1.56118974e-01  2.37626255e-01  3.28177065e-01 -1.44784555e-01
  -4.99842539e-02 -5.53847432e-01  3.59122485e-01  1.65803537e-01
   1.47823915e-01 -7.09023833e-01 -4.89159763e-01 -2.13082903e-03 
  -5.66399634e-01 -6.39210820e-01 -5.19921184e-01 -2.44338870e-01
  -3.12013119e-01 -7.32116044e-01 -7.16381669e-01 -4.28227931e-01
  -4.88721251e-01 -2.82972664e-01 -6.84916496e-01 -7.33252108e-01
  -4.04361665e-01 -4.53695118e-01 -3.11895311e-01 -4.94321048e-01
  -5.26712000e-01 -6.68977082e-01 -5.70181310e-01 -5.67391396e-01
  -3.54301929e-01 -1.36089131e-01 -7.57190347e-01 -4.06920344e-01
  -6.40251279e-01 -5.98230183e-01 -4.28261429e-01 -4.87076640e-01 
  -5.87082148e-01 -8.12296495e-02 -4.20711726e-01 -9.90512192e-01
  -8.53980184e-01  2.45493770e-01  6.33250400e-02 -1.24749863e+00
   1.47518646e-02  3.02383155e-02  3.67681891e-01 -3.71671677e-01
   7.38995075e-02  5.35805166e-01 -2.10059613e-01 -3.93883139e-01
   4.62189794e-01  3.76133859e-01  3.69812667e-01 -4.04150188e-01
  -3.90153043e-02 -7.57875979e-01  5.76030552e-01  2.86566377e-01
   3.46699804e-01 -1.26424325e+00 -1.46863854e+00  1.92874074e-01 
  -7.27633834e-01 -1.56940296e-02  3.43971938e-01 -6.65524721e-01
  -4.96057197e-02 -8.79126638e-02  1.82050169e-02 -4.81124341e-01
   1.11541733e-01 -6.69775724e-01 -5.98514676e-02  2.82448262e-01
   2.64267176e-01 -1.56181335e-01 -7.40588367e-01 -6.43648505e-01
  -7.98434854e-01  2.03763545e-01  1.93253279e-01  3.45006853e-01
  -4.52475488e-01 -3.44078958e-01 -5.41342139e-01 -1.11386843e-01
   2.27257296e-01 -4.42031145e-01 -2.22944170e-02 -1.64951816e-01 
   1.82495862e-01 -3.51356745e-01 -9.25107673e-02 -9.28150141e-04
   4.32744920e-01 -3.28072131e-01 -3.94532472e-01 -2.24632531e-01
  -5.06971776e-01 -2.58121006e-02 -4.27615970e-01 -2.83691078e-01
  -5.07511497e-01 -4.11122769e-01 -1.69134378e-01  1.03017583e-01
   9.54999775e-02 -2.42934555e-01 -4.75117266e-01 -4.43822473e-01
  -2.11658880e-01  2.56004542e-01 -2.43378337e-02 -5.15432179e-01
  -2.23318473e-01  1.73919290e-01 -1.42689005e-01 -9.53959748e-02 
   8.60196501e-02 -5.24463892e-01 -2.43692532e-01  1.33685732e+00
   8.86722922e-01 -4.50071841e-01 -3.64360034e-01  4.23197538e-01
  -4.77188230e-01  4.55681294e-01 -2.90993810e-01 -3.50704253e-01
  -3.57800782e-01 -4.59332287e-01  5.82439780e-01  5.95948815e-01
  -7.19329044e-02 -4.52926695e-01 -4.74652231e-01 -1.91309735e-01
   2.03900099e-01  1.02959788e+00 -3.26453418e-01 -5.10277033e-01
  -4.82103288e-01  1.78011432e-02 -3.02168339e-01 -2.03963563e-01 
  -3.63049984e-01 -4.38672394e-01 -4.69070882e-01  4.69951361e-01
   6.53705224e-02 -6.36655867e-01 -4.36159551e-01  3.03454660e-02
  -4.57674652e-01 -1.33486837e-01 -5.23761034e-01 -4.32887495e-01
  -4.44405049e-01 -6.67568505e-01  6.44980147e-02  7.48033449e-02
  -2.52119690e-01 -6.60623491e-01 -3.05701047e-01 -3.22450340e-01
  -1.04627915e-01  2.83817649e-01 -2.49970376e-01 -4.84721124e-01
  -4.57813472e-01  2.38908064e-02 -4.07928348e-01 -4.50911373e-01  
hidden2.bias   0.01329692 -0.44025278  0.05669549 -0.03065122 -0.15430762 -0.04197736
 -0.45611006 -0.16698062 -0.4396431  -0.01057772  0.0081156  -0.30183297
 -0.20470177 -0.3438044  
predict.weight    1.80240512e-01  1.46727949e-01  2.88350523e-01  3.90355319e-01
  -1.83062375e-01  8.39202031e-02  1.94114313e-04 -6.66860910e-03
   3.15651968e-02 -1.42970309e-01  3.06529909e-01 -1.40051410e-01
  -1.65309802e-01 -3.19737829e-02 
   2.51923781e-03 -1.57388866e-01  1.19938344e-01 -1.27051547e-01
  -1.95426956e-01  1.41327575e-01  4.46885824e-02  3.67228627e-01
  -9.36790742e-03  4.12262619e-01  1.50226345e-02  7.65463486e-02
  -1.15759797e-01 -2.35101860e-02  
predict.bias  0.14976138 0.1819859  
