hidden1.weight    6.95879459e-01 -8.79565001e-01  2.28232726e-01  5.36810160e-01
   6.66473150e-01 -2.00324208e-01  1.80333853e-01 -4.12103772e-01
   3.80319685e-01  5.52666306e-01  4.38147783e-01 -5.07270753e-01
   1.51939049e-01  1.48221664e-02  1.64668560e-01  3.58662188e-01 
  -1.07915148e-01 -3.41229469e-01  8.33970755e-02 -2.34780014e-01
   8.63447040e-03 -4.77837890e-01 -5.64103961e-01 -4.06483740e-01
   1.81854740e-01 -2.48078346e-01  1.27498349e-02  3.71012054e-02
   6.28003597e-01 -8.59661341e-01  6.15716517e-01 -6.27153397e-01 
   5.05836606e-01  2.17180163e-01  2.22488612e-01  1.53405583e-02
  -7.69543946e-02 -2.16265559e-01  4.14851218e-01 -3.69649827e-01
   1.59398109e-01  3.69967520e-02 -1.00428155e-02  6.65783957e-02
  -8.40702653e-03  1.32427722e-01  3.13650727e-01 -1.03363597e+00 
   9.85871181e-02 -5.45638092e-02  2.04856411e-01  1.02767020e-01
   5.74157357e-01  3.38110775e-02  1.49734855e-01 -3.44712939e-03
   3.07161421e-01  2.08505109e-01 -1.57115348e-02  3.76688808e-01
   1.18089080e+00 -1.67070544e+00  5.19554794e-01  1.53918862e-01 
   5.01591504e-01 -6.35340512e-01  4.26171608e-02 -1.05520034e+00
   4.34753776e-01 -5.41443706e-01  2.09682131e+00  2.34855115e-01
   6.30140841e-01 -4.12269861e-01  6.85848713e-01 -7.14808643e-01
   4.04215187e-01 -7.38624871e-01  9.08954322e-01 -6.87425196e-01 
   5.49346626e-01  1.55648434e+00 -3.57004851e-01  1.85771525e+00
   4.55729812e-01  2.15271592e+00  5.32042027e-01  2.36208773e+00
  -2.18198389e-01  2.34747267e+00  6.46481931e-01  2.07802391e+00
   4.13528591e-01  2.80795813e+00  2.73305535e+00 -4.62388086e+00 
   9.10330594e-01 -1.74902344e+00  1.12698960e+00 -1.51710868e+00
   1.12551510e+00 -1.49084079e+00  1.19784391e+00 -1.57752049e+00
   1.22124386e+00 -2.18881941e+00  1.03509533e+00 -1.45291162e+00
   1.37843657e+00 -1.71522439e+00  1.32800591e+00 -1.86051500e+00 
   4.24163997e-01  1.43321109e+00  1.25140679e+00 -3.88337398e+00
   8.86588752e-01  1.81482363e+00  4.30423617e-01  1.47612929e+00
   6.60675883e-01  2.54903102e+00  4.89292681e-01  1.48230791e+00
   1.28718174e+00  1.90514457e+00  1.19681227e+00  1.45448267e+00 
   7.03330815e-01 -2.73098379e-01  7.68193364e-01 -5.32601297e-01
   6.74593866e-01  6.14662319e-02  6.52411938e-01 -3.34419340e-01
   4.10905063e-01  4.20256734e-01  6.18752837e-01  1.71572939e-01
   5.19856036e-01 -3.27870473e-02  5.99182308e-01  5.69266558e-01 
  -7.34713554e-01 -9.63671565e-01 -9.76911187e-01 -9.88189340e-01
  -1.88384485e+00 -1.29253745e+00 -1.50836384e+00 -1.35367000e+00
  -1.20153224e+00 -1.40131259e+00 -1.53551325e-01 -8.77363801e-01
  -1.63224339e-01 -1.16501415e+00  5.35664678e-01  2.40496889e-01 
   4.24370825e-01  8.17927793e-02  2.24560365e-01  3.17229688e-01
   3.30814868e-01  1.49037480e-01  6.22169256e-01  4.71910695e-03
   3.55826281e-02  3.19141150e-02  2.11824432e-01  2.38892257e-01
   2.67670691e-01  3.21792811e-01 -2.84808371e-02  6.76082551e-01 
  -2.30850175e-01 -7.69397616e-02  5.60522005e-02  3.56890202e-01
   5.90504348e-01 -4.36797887e-01 -3.46898109e-01  6.19903564e-01
  -1.51894301e-01  6.68849004e-03  6.32696211e-01  3.80607247e-02
   1.86800331e-01 -1.31573692e-01  9.77239490e-01 -9.58967924e-01 
   1.07572094e-01 -6.18991494e-01 -2.90791333e-01 -4.69829023e-01
   2.90969312e-01 -4.20186371e-01  1.19339556e-01 -6.58827484e-01
   1.18856333e-01 -6.98915541e-01 -2.61400372e-01 -5.35637259e-01
   3.61354113e-01 -5.15837908e-01 -2.26048425e-01 -5.44073582e-01 
   5.31430244e-01 -5.24343610e-01  4.84825224e-01 -5.09290755e-01
  -9.43204612e-02 -1.06153452e+00 -6.55993819e-02 -5.05155504e-01
   1.18600440e+00  1.66099891e-01  1.44069874e+00 -2.44383961e-01
   5.32622755e-01 -2.10662767e-01  3.42757672e-01 -5.93923509e-01 
  -1.97960436e-01 -1.37024057e+00  1.06941760e+00 -9.50962603e-02
   8.72008502e-01 -3.73897254e-01  4.92121398e-01 -3.51157248e-01
   1.92029700e-01 -1.11549032e+00  1.09937990e+00 -3.16608787e-01
   7.01914847e-01 -4.51909006e-01  4.82264072e-01 -4.83029425e-01 
  -1.17204338e-01 -6.92880929e-01  4.43775386e-01 -4.71512936e-02
  -6.97237313e-01 -1.03954220e+00 -5.55118680e-01 -7.08905399e-01
  -1.21614242e+00 -8.42663348e-01 -1.30460799e+00 -9.50079024e-01
  -1.34379351e+00 -1.14884973e+00 -7.88097739e-01 -1.06333137e+00 
   1.09099591e+00 -6.08739138e-01  4.88491058e-01 -2.38244638e-01
   9.77368891e-01 -8.99153054e-01 -5.00715196e-01  8.15970778e-01
   8.61248672e-01 -4.42785889e-01  6.57359600e-01 -2.78743774e-01
   1.06908727e+00 -1.06706178e+00 -2.20862105e-01  1.70153767e-01 
  -1.03194332e+00 -3.98917407e-01 -7.13827014e-01 -5.69265425e-01
  -3.90620798e-01 -3.87292385e-01  1.44618660e-01 -2.15070099e-01
  -3.74970108e-01 -3.44654262e-01  1.44073963e-01  2.02023759e-01
  -9.76639569e-01 -8.71699154e-01 -8.02266777e-01 -1.09632596e-01 
   1.37436283e+00 -1.66985333e-01  1.11633241e+00 -2.74599671e-01
   7.57222891e-01 -6.90178216e-01  6.08996272e-01 -5.59969723e-01
   4.27993923e-01 -6.77794278e-01  4.43266928e-01 -6.62870467e-01
  -3.57402593e-01 -1.13901865e+00  3.72839898e-01 -3.48175973e-01 
  -5.95335178e-02  2.44095609e-01  3.16054523e-02  2.35635743e-01
  -4.66803253e-01  7.94160485e-01  6.58092380e-01  2.51540333e-01
  -1.40992671e-01  8.82529795e-01  4.14709479e-01 -1.86868295e-01
   6.15761638e-01 -1.32416517e-01  1.36544317e-01  2.50470974e-02 
   1.86062291e-01 -2.91427910e-01 -1.79418713e-01 -2.45003149e-01
   1.10606320e-01 -5.39883256e-01 -6.65903330e-01 -1.63986877e-01
   7.26878703e-01 -4.46388036e-01  9.71822664e-02 -5.40048540e-01
   1.09014381e-02 -4.73351210e-01 -5.48056960e-01 -8.40162486e-02 
  -1.76341400e-01 -5.80556631e-01  1.84872057e-02 -6.30305409e-01
  -3.66484851e-01 -2.02278227e-01 -1.05526343e-01 -4.97223139e-01
  -9.44792688e-01  2.16062978e-01 -8.22879747e-02 -3.40251029e-01
   6.69695735e-02 -8.74902010e-01 -2.50134528e-01 -2.15580657e-01 
   7.57164717e-01 -6.12927556e-01  7.71889746e-01 -1.26686329e-02
   7.72956789e-01 -1.31487504e-01  8.54186237e-01 -6.90584242e-01
   9.04853642e-01  5.56303203e-01  8.72309983e-01 -1.16988993e+00
   7.17547119e-01  1.90502450e-01  6.77848876e-01 -7.36640930e-01 
   5.90824366e-01 -8.78366888e-01  4.48383629e-01 -1.13718307e+00
   3.16983074e-01 -1.41429150e+00  5.55365384e-01 -1.07203829e+00
  -2.75168894e-03 -4.05226678e-01  6.35299861e-01 -1.25888586e+00
  -9.13123861e-02 -8.52456748e-01  2.88801819e-01 -1.00098145e+00 
  -7.28883147e-01 -2.59927571e-01  2.93467104e-01 -1.25000045e-01
  -2.89485693e-01 -3.21174502e-01  4.45680946e-01 -3.87871772e-01
   3.79891664e-01 -4.57881123e-01 -2.79545426e-01 -4.31367397e-01
  -1.17028192e-01 -2.30712190e-01 -7.74258673e-02 -1.77621707e-01 
   9.92195785e-01  9.84560549e-02  7.87841082e-01 -2.82709450e-01
   7.31932223e-01 -4.72417265e-01  7.94940054e-01 -1.15589112e-01
   7.76864946e-01 -7.96720266e-01  7.45528698e-01  3.63733340e-03
   7.82314539e-01 -1.57229081e-01  8.09290767e-01 -6.49819255e-01 
   7.78780341e-01 -6.43914759e-01  2.42167294e-01  6.22846127e-01
   5.23636162e-01 -5.24804115e-01  1.78781196e-01 -2.05612615e-01
   8.25511277e-01 -7.18707919e-01  4.38209563e-01 -9.21960846e-02
   1.18013956e-01  1.79091722e-01 -3.80477756e-02  4.64354932e-01 
   2.21348077e-01  3.22457284e-01  6.82633996e-01 -1.04214489e+00
   5.14124632e-01  2.38270670e-01  3.00029457e-01  1.76815554e-01
   3.40147436e-01 -3.64165366e-01  8.53486776e-01 -4.53559816e-01
   7.29554296e-01  7.84261525e-02  2.88883448e-01  4.63479431e-03 
   1.74306557e-01 -5.56046903e-01  3.04644287e-01 -5.24855018e-01
   7.71240070e-02 -3.43984336e-01  4.24322069e-01 -9.35584009e-01
  -2.42965728e-01 -4.08821970e-01  6.66766465e-02 -1.80308402e-01
  -9.04926240e-01  5.32661796e-01  1.90897524e-01 -3.11211437e-01 
  -1.03697389e-01 -7.31524169e-01 -2.94079721e-01 -1.03666592e+00
   1.81788400e-01 -3.49789262e-01  1.98731348e-01  2.74363518e-01
  -2.30990201e-01 -7.96864271e-01 -2.55842537e-01 -1.29405558e+00
   1.14081483e-02 -3.41676593e-01  4.84090328e-01 -3.80101204e-02 
  -2.84998477e-01 -4.70301509e-01 -5.69635570e-01  2.12187722e-01
  -1.62381470e-01 -5.13268292e-01 -1.27888486e-01 -3.95239979e-01
  -1.04833610e-01 -4.03432369e-01  4.78054941e-01 -7.55345285e-01
  -3.77632141e-01  1.56803839e-02 -1.46222591e-01 -5.59788644e-01 
   7.30247080e-01 -5.93766332e-01  3.72820556e-01 -1.05304205e+00
   7.81147122e-01 -6.95647776e-01  4.34862942e-01 -8.55198681e-01
   3.54817897e-01 -9.58124220e-01  1.95789084e-01 -8.88682187e-01
   1.17242134e+00 -3.01241517e-01  7.27586567e-01 -6.70373857e-01  
hidden1.bias  -0.6369497   0.7940278  -0.9361406  -1.2423495  -0.46399882  0.1011265
 -1.8228894  -0.3317502  -2.5004508   0.55638766 -0.91359067 -0.52929187
  1.196258   -0.10922867 -0.08068316  0.81103235 -0.43920088 -0.01503535
  0.11232167 -0.25669104  1.2023588   2.265631   -2.2542477  -0.59484845
  0.14861286 -1.9855891  -1.481201   -1.4517792   1.11508    -0.30038682
  0.5079211   0.99448866 
hidden2.weight   -2.64720440e-01 -1.45029455e-01 -3.59017551e-01 -7.33153760e-01
  -6.74604535e-01 -3.08935270e-02 -2.15493703e+00 -1.01982534e-01
   7.45103089e-03 -1.36600363e+00 -3.97990108e-01 -3.14324126e-02
  -1.06688297e+00 -1.05280634e-02 -5.38373291e-01 -1.74079463e-01
  -2.54404604e-01 -6.65688336e-01 -3.00725073e-01 -2.77595460e-01
  -3.32485110e-01  6.93011820e-01 -5.95167994e-01  4.27849889e-02
  -8.94171223e-02 -8.39173019e-01 -7.90206790e-01  1.09526545e-01
   5.76560013e-02 -7.05716431e-01  7.74771273e-01 -1.02452981e+00 
   1.00517519e-01 -1.96323559e-01  1.47905916e-01  5.85327923e-01
   2.69308805e-01 -4.81602520e-01  8.27609241e-01 -5.15900850e-01
   6.84796453e-01 -1.39815617e+00 -1.33873224e-01 -3.17136496e-01
  -4.39747095e-01  2.32022658e-01  4.44945246e-01 -1.48450685e+00
  -2.14662090e-01 -7.03081906e-01  2.84659207e-01 -2.99750656e-01
  -3.95272553e-01 -6.79645836e-01  8.01109791e-01  9.05534148e-01
  -5.26354015e-01  9.41596448e-01  2.15634525e-01  3.16210598e-01
  -4.73885953e-01 -2.81995675e-03 -2.27461845e-01  5.26022129e-02 
  -6.36083305e-01  6.67498186e-02 -3.91792595e-01  8.94642532e-01
  -1.46262395e+00  1.83282658e-01 -1.82119060e+00  1.35419533e-01
  -8.08299601e-01 -4.92816925e-01 -2.80858874e-01 -2.54544705e-01
   6.04679406e-01 -8.21277440e-01 -6.05289638e-01 -1.35868108e+00
   5.06506979e-01 -4.71772164e-01 -1.19027293e+00 -6.82603836e-01
   1.41371740e-02 -7.66964480e-02 -1.13596177e+00 -7.04561830e-01
   1.77016601e-01 -5.41159511e-01  2.91441232e-01 -5.63106656e-01
  -7.38375545e-01 -1.13109851e+00 -1.20930254e-01 -4.01203990e-01 
  -5.73246300e-01 -1.62764430e-01 -1.26647636e-01 -3.95585924e-01
  -6.56529367e-01 -6.02506578e-01 -1.25651240e-01 -6.96772873e-01
  -3.13935220e-01  2.64407601e-02 -4.89833087e-01 -5.12393653e-01
   1.52360618e-01  8.87996480e-02 -6.85649633e-01  3.59496444e-01
  -6.59178257e-01  3.53318185e-01  1.12442650e-01 -4.61552858e-01
  -1.52220652e-01  1.80599332e-01 -5.93403280e-01 -8.04778039e-01
  -5.16492307e-01 -3.08963716e-01 -6.18377507e-01 -8.22827935e-01
   1.11466832e-01 -7.47060776e-01 -2.76863258e-02 -1.44912720e-01 
  -3.39517564e-01  2.89562438e-02 -3.68289389e-02 -4.62590605e-01
   4.01491374e-02  6.08352944e-02 -1.68837678e+00 -3.26985344e-02
  -4.11307216e-01 -4.92921770e-01 -1.89379558e-01  1.43436983e-01
  -4.94504064e-01 -6.54709220e-01 -3.29265714e-01 -3.36897939e-01
  -5.50593734e-01 -6.81962192e-01 -5.87015033e-01 -2.51347035e-01
  -6.29706502e-01 -1.04825072e-01 -3.14532042e-01 -3.68061970e-04
  -1.74096059e-02 -3.81205976e-01 -2.79457927e-01 -3.35789531e-01
  -8.93158391e-02  1.25408575e-01  1.84118286e-01 -5.66234291e-01 
  -4.25197721e-01 -2.69612104e-01  1.92897275e-01 -6.81288838e-01
  -7.63747633e-01 -1.02042340e-01  2.76117057e-01 -4.59485412e-01
  -7.35465169e-01  1.35124898e+00 -2.55064130e-01 -4.15001601e-01
   4.01802987e-01 -2.02719882e-01 -6.13327622e-01  2.09100795e+00
  -3.06800636e-03  1.32829511e+00  1.25880659e-01  3.38965386e-01
   1.97221890e-01 -5.10623574e-01 -5.59712231e-01 -9.52194273e-01
  -2.29955941e-01 -5.81306875e-01 -9.15235043e-01 -5.38684726e-01
  -3.62847984e-01 -8.16803873e-01 -6.13076329e-01 -4.26533788e-01 
  -4.47673649e-01 -1.44397035e-01 -5.27733922e-01 -3.24571759e-01
   5.94452657e-02 -4.66892868e-01 -7.84107685e-01 -4.30576086e-01
  -8.36107016e-01  4.00724202e-01 -4.26605314e-01 -3.95875394e-01
  -4.05855477e-01 -4.93029177e-01 -1.29399657e-01  1.76271126e-01
  -5.32962799e-01 -1.71787590e-01 -4.47834641e-01 -5.93730569e-01
  -3.41175735e-01 -5.01925051e-01 -1.78551629e-01 -1.92815945e-01
  -4.77900416e-01 -4.82301295e-01 -5.13335884e-01 -6.87833667e-01
  -4.26221669e-01 -3.77880067e-01 -5.21341741e-01 -3.89225483e-01 
  -1.72789514e-01 -8.59853089e-01 -8.36895883e-01 -6.27158880e-01
  -8.57405424e-01 -1.95095554e-01  3.63651633e-01  4.06207331e-02
  -6.37208700e-01  8.88781309e-01  1.53690472e-01  1.39980158e-03
  -9.28671584e-02 -1.08274972e+00 -1.62646353e-01 -5.30457497e-01
  -5.17397821e-01 -2.20611453e-01 -7.73015201e-01 -7.88799301e-02
  -3.48343313e-01 -5.69544554e-01 -7.60893464e-01 -7.83388674e-01
  -1.06248927e+00 -8.54356945e-01 -6.18708193e-01 -4.38891113e-01
  -7.56052256e-01 -1.93525344e-01 -8.52126479e-01 -5.83073139e-01 
   2.43497893e-01  1.42417829e-02 -2.58320421e-01  2.37753645e-01
   1.21321511e-02 -4.81804311e-01  2.71598846e-01 -2.22460657e-01
   3.86634469e-01 -9.49754596e-01 -2.47145332e-02  3.18638645e-02
  -4.03406709e-01 -5.25918305e-02 -9.95999575e-02 -7.24193275e-01
  -1.48442537e-01 -3.64978880e-01 -1.51430726e-01 -1.04504757e-01
  -4.68860030e-01 -3.64586025e-01  2.16806933e-01  8.18286650e-03
  -2.20495984e-01  4.77149695e-01  1.97903544e-01  1.56452850e-01
  -5.18354952e-01 -6.06479980e-02 -4.49054986e-01 -1.75508797e-01 
   1.33412853e-01 -3.52634400e-01 -1.03272721e-02  1.35728583e-01
  -9.50803906e-02 -2.35911667e-01  5.00036657e-01 -2.22516045e-01
   2.91038394e-01 -9.29352224e-01 -1.87313750e-01 -1.40414193e-01
  -5.73671877e-01  1.75461560e-01 -7.94060621e-03 -7.45432436e-01
  -1.66689157e-01 -3.95675421e-01 -1.78503528e-01 -1.31856009e-01
  -4.03302789e-01 -6.15514040e-01  2.27559596e-01  4.13163334e-01
  -2.65885681e-01  5.31436384e-01  2.54117370e-01  2.51224756e-01
  -4.01098341e-01  1.56579629e-01 -2.84168124e-01  7.11068511e-02 
   2.99530298e-01 -7.70555288e-02  8.31127688e-02  2.72391945e-01
  -7.89480284e-03  4.12840024e-02 -2.68971384e-01  3.80376317e-02
   4.70397949e-01 -7.48848140e-01  3.20286572e-01  2.77781129e-01
  -5.30819118e-01 -6.98698908e-02  1.05771057e-01 -6.70296729e-01
  -8.82804617e-02 -1.72736496e-01 -9.01444256e-02  2.27576271e-01
  -4.01647359e-01 -5.49349189e-01  3.00314818e-02 -3.05722892e-01
  -1.12180643e-01  3.00864488e-01  2.64357209e-01  2.92312026e-01
  -9.02059153e-02 -2.23985940e-01 -1.87105596e-01 -1.37773961e-01 
  -2.88643390e-01 -5.67034483e-01 -2.25092337e-01 -4.61139381e-01
  -2.18152195e-01 -6.75945804e-02 -1.47874284e+00  2.10877463e-01
  -3.57881725e-01 -1.16447902e+00 -1.34919167e-01 -2.06880659e-01
  -5.64468443e-01 -3.13294202e-01 -9.93607521e-01 -6.12091541e-01
   9.97724682e-02 -4.27596211e-01 -6.26196504e-01 -1.78283140e-01
  -6.89638436e-01  2.92186916e-01 -7.31702819e-02 -3.95418018e-01
  -1.86818391e-01 -6.03604317e-01  7.89389238e-02 -1.77582771e-01
   3.59420851e-02 -4.49357092e-01  9.85713303e-01 -8.61589074e-01 
   3.73109341e-01 -2.67882973e-01  1.85498029e-01  2.91350067e-01
   2.65019741e-02  2.26268888e-01 -5.97507097e-02  3.04172426e-01
   5.07485867e-01 -1.32886386e+00  5.39630473e-01  2.08746269e-01
  -7.10268855e-01 -1.83848128e-01 -1.82987511e-01 -1.09333277e+00
   1.10534869e-01 -5.58554530e-01  2.99014375e-02  4.15897489e-01
  -3.77189100e-01 -7.94841409e-01  1.51037589e-01  4.52662595e-02
   2.15588421e-01  4.65634286e-01  4.91671264e-01  3.81597310e-01
  -4.38250750e-01 -3.54851216e-01 -9.04479623e-02 -2.13505790e-01 
  -1.48894086e-01 -7.14119673e-01 -5.75965643e-01 -7.62045383e-01
  -1.18130177e-01 -2.19472963e-03 -1.97440302e+00 -2.44397387e-01
  -1.29910201e-01 -1.95213628e+00 -1.44408867e-01 -7.14480221e-01
  -6.57370746e-01 -2.14719668e-01 -7.39392698e-01  3.55443358e-01
   5.46206653e-01 -3.15630883e-01  2.83609569e-01 -6.77741051e-01
   4.96904999e-01  2.85238087e-01 -5.01379907e-01  1.32582068e-01
  -5.92019975e-01 -6.61010027e-01  3.34941477e-01 -1.88029632e-01
   3.29539105e-02 -3.12487453e-01  1.67790279e-01 -6.32713914e-01 
   1.79947779e-01 -9.20591235e-01  3.88353437e-01  3.49444628e-01
  -4.47950095e-01  4.54128623e-01 -7.54034221e-01  4.77511257e-01
   6.87702954e-01  6.90280870e-02  3.69976044e-01  1.59790128e-01
  -8.99400711e-01 -2.65656441e-01 -3.72516781e-01 -5.09874701e-01
   1.61361158e-01 -2.40993172e-01 -7.02461839e-01  8.01004916e-02
  -1.11156261e+00 -9.78279293e-01  4.34107602e-01 -1.09843421e+00
  -5.34644127e-01  4.95307624e-01  3.91862869e-01  4.97441798e-01
  -7.27376282e-01 -2.67926872e-01 -7.61529088e-01 -9.42822814e-01 
  -3.38459373e-01 -4.93799560e-02 -2.63614863e-01 -3.39320719e-01
  -8.77109051e-01 -3.06611717e-01 -1.58705890e+00 -9.89352688e-02
   5.72791882e-03 -8.87503564e-01 -3.78886253e-01 -3.41593295e-01
  -6.97916329e-01  6.09030873e-02 -6.90003753e-01 -1.68970495e-01
  -6.10750496e-01 -2.34415665e-01 -1.83207020e-01 -3.35231125e-01
   1.46280043e-04  1.56732798e-02 -5.96776783e-01 -5.88333786e-01
  -4.04428631e-01 -3.85822892e-01 -4.64464337e-01 -1.95469052e-01
   3.60976487e-01 -9.19341087e-01  2.47315750e-01 -4.46666837e-01  
hidden2.bias  -0.14536819 -0.38210696 -0.21094649 -0.317702   -0.05772373 -0.14994037
 -0.4677397   0.10362978 -0.23732302 -0.443079   -0.0651621  -0.36841765
  0.12750837 -0.33622214 -0.2309649  -0.10290556 
predict.weight   -0.11944253  0.422411   -0.35788268  0.21285535 -0.26617625  0.40834385
  -0.1082487   0.03356066  0.2133908   0.31292424  0.27033794 -0.2856268
   0.19256897 -0.23559417 -0.05450974  0.06424712 
   0.27048868 -0.17959791  0.3176586   0.00885552  0.15280426 -0.253449
  -0.10363097 -0.60480374  0.03940628 -0.0033048   0.26777738  0.31730694
   0.3647542   0.21277742  0.51612055  0.2099838   
predict.bias  -0.05233041 -0.0879005  
