hidden1.weight   -8.34886134e-01  8.78041208e-01 -6.81825578e-01  9.84821975e-01
  -9.59788322e-01  1.02529430e+00 -8.36812496e-01  9.25130665e-01
  -9.01983738e-01  8.11799288e-01 -6.40449584e-01  9.16876495e-01
  -7.40586042e-01  9.91624057e-01 -8.95387828e-01  9.43038523e-01
  -8.53607833e-01  9.06196773e-01 
   6.00288548e-02  4.10858721e-01 -3.51691186e-01  3.93499613e-01
  -6.17005266e-02  2.84557700e-01 -1.13140047e-01  3.78334194e-01
  -2.22999409e-01  2.63919353e-01 -6.08680025e-02  1.29991800e-01
  -4.12291177e-02  4.47640568e-01  6.89663598e-03  3.22208524e-01
   9.91804749e-02  2.59326190e-01 
   1.86308295e-01 -3.51869166e-01 -3.88920128e-01 -4.60521281e-02
  -1.76129141e-03 -3.59064400e-01 -6.96285395e-03 -3.41819614e-01
  -1.22263439e-01 -3.00677180e-01  4.33513336e-02 -2.91072607e-01
  -1.89686060e-01 -2.76745200e-01 -1.44367993e-01 -9.31868479e-02
  -6.78047352e-03 -3.67768466e-01 
  -8.45471382e-01  1.26356527e-01 -4.06277180e-01  1.94301650e-01
  -2.25735620e-01  2.53387034e-01 -5.19011378e-01  3.50270718e-01
  -7.67708063e-01 -2.60112770e-02 -6.58108771e-01  1.53187841e-01
  -4.14633632e-01  2.62212515e-01 -2.80738682e-01  3.95862430e-01
  -4.68948245e-01  3.03169191e-01 
  -4.87472206e-01 -4.24224108e-01 -1.41042814e-01  1.18622631e-01
  -6.55653954e-01 -2.08983764e-01  1.44264430e-01 -1.20292298e-01
  -7.05154359e-01  8.90833139e-02  3.07071749e-02 -2.08441809e-01
  -3.38917673e-01  1.81468859e-01 -4.97952491e-01 -2.56392926e-01
   5.13189659e-02  1.53387681e-01 
   1.80943236e-01  3.33016872e-01  3.95509362e-01  1.87060624e-01
  -6.76091537e-02  1.50733188e-01  9.37037542e-02  4.46610078e-02
   1.26711696e-01  1.49281949e-01  1.62640721e-01  1.41256854e-01
   3.90384495e-01  1.29858598e-01 -9.15965810e-02  2.05452621e-01
   1.86200380e-01  1.20113008e-01 
   1.65053800e-01  1.66099101e-01  5.38306475e-01  1.24421246e-01
  -9.16017517e-02  2.25257859e-01  4.11815792e-01  3.49080026e-01
   5.39073288e-01 -1.10508382e-01  1.27076373e-01  3.26358497e-01
  -1.05740456e-02  1.82688892e-01  8.60417962e-01 -1.30111963e-01
  -1.00380018e-01  2.99181670e-01 
  -4.35824692e-01  2.87958980e-01 -2.30708733e-01  5.37653506e-01
  -2.55265206e-01  4.13669497e-01 -1.49094015e-01  3.02444041e-01
  -2.28721857e-01  3.54816109e-01 -1.80644825e-01  4.77294445e-01
  -3.72871049e-02  5.45601189e-01 -4.72294450e-01  4.41446990e-01
  -1.53284326e-01  3.23904365e-01 
   2.11380348e-01 -2.91823894e-01 -3.46518666e-01 -6.94417432e-02
  -3.83380145e-01  1.53319776e-01  1.41142294e-01 -2.54138917e-01
  -4.12585795e-01 -2.44084373e-01 -4.98153001e-01  9.14778039e-02
   1.58609152e-01 -3.18253160e-01 -2.65746504e-01 -8.43691155e-02
  -7.32534289e-01  2.59401686e-02 
  -2.17036739e-01  3.02381377e-05 -5.26105501e-02  2.37094685e-01
  -3.46193351e-02  4.03248608e-01  9.49697755e-03  4.13634861e-03
  -3.05586923e-02  3.83009970e-01 -2.32825816e-01  2.38930196e-01
   1.39471188e-01  4.90477711e-01  5.82906082e-02  2.20320120e-01
   8.84567760e-03  8.84165894e-03 
  -9.52140465e-02  2.38389894e-01 -2.11708412e-01  3.54497492e-01
  -9.14262235e-02  1.77946180e-01 -4.62212414e-02  3.42420310e-01
  -2.63349354e-01  1.45836234e-01  5.84463701e-02  2.05526471e-01
  -2.34095991e-01  2.33949348e-01 -1.56808332e-01  2.46610567e-01
  -2.04101622e-01  3.12544197e-01 
   2.60320604e-01 -6.85460865e-02  1.84633791e-01  1.83817253e-01
  -9.46943834e-02  1.39654521e-02  4.82999593e-01  3.00513744e-01
  -1.81390524e-01  2.81371176e-01  3.70045364e-01  1.74264804e-01
   1.15415297e-01  9.65413302e-02  1.68946058e-01  4.36103977e-02
   1.27688363e-01  3.97709697e-01 
  -3.33817452e-01  1.57615647e-01 -3.71986747e-01  1.58294350e-01
  -6.38102591e-02  3.40705246e-01 -1.72165558e-02  3.79750431e-01
  -2.36398019e-02  1.88850500e-02 -4.26323488e-02  2.10978135e-01
  -3.29985738e-01  3.87110651e-01  1.28163630e-02  4.41372097e-01
   6.99993446e-02  1.75763011e-01 
  -4.38802779e-01  9.94413393e-04 -3.41555208e-01  7.96780735e-02
  -2.40384489e-01  5.22823483e-02 -3.16239417e-01  1.60349198e-02
  -4.05360281e-01 -2.78481226e-02 -7.09707662e-02 -1.58187628e-01
  -2.54144073e-01 -1.21231146e-01 -4.76478040e-01 -1.78502440e-01
  -3.09635758e-01 -2.91207671e-01 
  -6.13682419e-02  6.51525557e-02 -5.89263663e-02  3.39264423e-01
   4.67484117e-01  3.65513682e-01  9.80799571e-02  4.54857498e-01
   9.10616443e-02  2.21358836e-01  1.17431685e-01  1.03450105e-01
   2.31414452e-01  1.13898940e-01  1.89349607e-01  2.25794073e-02
  -5.23623861e-02  1.62847146e-01 
  -7.42173940e-02  3.89451295e-01 -3.40680927e-02  1.54499456e-01
   6.90338686e-02  3.55843872e-01 -1.59009576e-01  1.31079152e-01
   8.32815394e-02  1.72226250e-01  6.90272972e-02  4.68539521e-02
  -8.37178156e-02  1.12535834e-01 -2.32525580e-02  1.23480663e-01
   1.29512534e-01  2.76754171e-01 
  -3.05394623e-02 -6.04422987e-01  4.32688922e-01 -4.58794951e-01
   3.93813044e-01 -2.90504664e-01  2.18583882e-01 -4.13542539e-01
   4.16733682e-01 -5.33299625e-01  1.02827415e-01 -3.54447395e-01
   4.40115660e-01 -2.97081023e-01  7.64256641e-02 -4.87094074e-01
   2.83691645e-01 -4.15100694e-01 
  -3.38971019e-02  4.05163229e-01 -2.77118713e-01  3.17015231e-01
  -1.07063027e-02  5.21147549e-01 -2.18625620e-01  9.89134982e-02
   7.12812543e-02  3.02327693e-01 -3.28606576e-01  6.99914396e-02
   9.62141603e-02  2.82595873e-01 -4.13230598e-01  3.36971134e-01
  -5.02513573e-02  1.90401241e-01 
  -2.14672938e-01  2.15770885e-01 -4.73133773e-01  4.84507501e-01
  -6.26229227e-01  1.79050952e-01 -6.67760134e-01  9.68709141e-02
  -6.17965460e-01  2.61960506e-01 -4.13019925e-01  3.49621445e-01
  -3.31207931e-01  2.74140030e-01 -6.93332195e-01  2.86370903e-01
  -7.26982474e-01  1.13320120e-01 
  -1.59459025e-01  9.88072827e-02 -8.04166734e-01 -2.76221763e-02
  -5.59298038e-01 -1.07861049e-01 -2.57817358e-01  2.60004587e-02
  -3.12405169e-01  1.50732785e-01 -5.84966958e-01 -1.12023421e-01
  -7.22094357e-01 -3.36414762e-02 -9.63322744e-02  1.75483361e-01
  -4.87202346e-01  7.37047046e-02 
   3.80399734e-01  2.56777346e-01 -3.01732898e-01  3.30447137e-01
   3.17439944e-01 -1.01728618e-01 -7.66298734e-03  1.14878789e-01
  -1.84281498e-01  1.48057967e-01  2.47860432e-01  2.02091873e-01
   1.90669060e-01  9.12606120e-02 -2.85306960e-01  3.81798476e-01
   1.92036286e-01  2.78042823e-01 
   2.75594220e-02  4.32963938e-01  1.55460294e-02  3.19783449e-01
  -1.66847527e-01  3.70477289e-01 -4.27637637e-01  5.74420452e-01
  -1.35153070e-01  5.46908736e-01  3.32653336e-02  2.63473749e-01
  -1.53515637e-01  3.56040359e-01 -4.96795416e-01  4.24914241e-01
  -1.94599465e-01  4.53520834e-01 
  -3.84329617e-01  2.74393171e-01 -3.31481695e-01  3.95063967e-01
  -2.16141772e-02  6.22180760e-01 -3.30638379e-01  4.62765008e-01
  -2.83551604e-01  4.72344279e-01 -5.46992004e-01  4.56140429e-01
  -2.68239826e-01  4.43111211e-01 -1.96691588e-01  3.85912955e-01
  -5.39018512e-01  6.35087371e-01 
  -5.35200059e-01  2.83854365e-01 -2.56351441e-01  2.09961116e-01
  -3.71095955e-01  2.44503438e-01  6.28939644e-02  5.70632696e-01
  -1.66093244e-03  3.83640081e-01 -1.75273731e-01  4.79888797e-01
  -4.75430459e-01  3.61115217e-01 -2.26944759e-01  3.92347664e-01
  -7.06926286e-02  3.42534930e-01 
  -1.24862373e-01  4.52133298e-01 -6.80178730e-03  3.30554277e-01
  -1.04120366e-01  1.73786446e-01 -1.06898099e-01  4.18514192e-01
  -4.37656432e-01  4.50570196e-01  5.22201881e-02  3.71421456e-01
  -2.91078329e-01  2.12064102e-01 -3.51204515e-01  3.22524518e-01
  -1.85710341e-01  3.35838586e-01 
  -5.11904061e-01 -3.32680531e-02 -9.54558775e-02 -1.43944085e-01
  -7.52221465e-01  4.76419292e-02 -6.87810779e-01 -1.35074079e-01
  -1.87274784e-01 -4.97853868e-02 -4.20810580e-01  5.25082909e-02
  -4.58612949e-01  6.51943907e-02 -4.29247439e-01 -2.23550931e-01
  -5.56017756e-01  9.60765928e-02 
  -3.44573826e-01  3.83673549e-01 -5.58775783e-01  3.55331898e-01
  -5.75200498e-01  5.12273572e-02 -4.49175745e-01  2.52321720e-01
   3.16312574e-02  2.40871102e-01 -5.25813818e-01  4.93380725e-01
  -7.49538183e-01  1.13973655e-01 -7.95664549e-01 -1.54033840e-01
  -4.06509042e-02  3.22328329e-01 
  -6.91820204e-01 -4.20798734e-02 -5.99621773e-01 -3.46774787e-01
  -4.63469863e-01 -2.29150578e-01 -5.96567571e-01  2.38619260e-02
  -6.35040283e-01 -1.06104895e-01 -5.44286370e-01 -2.64935076e-01
  -6.34945452e-01 -1.62516564e-01 -5.59430182e-01 -1.61929995e-01
  -5.10893822e-01 -9.91715044e-02 
  -7.26182401e-01  8.10414493e-01 -6.93505585e-01  9.45462763e-01
  -7.80171394e-01  7.75131404e-01 -8.45474720e-01  8.08636725e-01
  -8.24514389e-01  7.14626014e-01 -7.08866775e-01  8.76994193e-01
  -7.42790103e-01  7.90464640e-01 -7.38395154e-01  8.07381392e-01
  -7.95818686e-01  8.33785534e-01 
   2.04000056e-01  3.30229372e-01  2.18749776e-01  3.87711734e-01
   1.86329320e-01  2.64004990e-02 -2.21797630e-01  3.98729414e-01
  -2.00538591e-01  1.06008239e-02  5.39022088e-01  3.83431882e-01
  -3.08864653e-01  1.44905776e-01  3.06435913e-01  3.50281447e-01
  -2.75346488e-01  1.24675393e-01  
hidden1.bias  -3.2940786  -1.3988965   1.2544432   0.2204505  -0.07316501 -0.71281815
 -0.7142088  -0.97862864  0.08116805 -0.3934688  -0.32967988 -0.44716233
 -0.27469215  0.869726   -0.6236952  -0.28723586  1.0179093  -0.25550148
  0.18701397  0.21069789 -0.4728855  -1.112168   -1.2664487  -0.7966758
 -0.79472584  1.3969933  -0.46663624  3.079015    1.4246166  -0.22419709 
hidden2.weight   -2.28039622e-01 -6.95640743e-02 -1.83061302e-01 -1.47094920e-01
  -1.65553436e-01 -2.27409508e-02 -2.65562445e-01 -7.85467476e-02
   7.74226934e-02 -8.05841461e-02 -2.05711603e-01 -2.39284456e-01
  -7.66250342e-02 -1.23286217e-01 -2.24762678e-01 -9.50125381e-02
  -1.38526812e-01 -2.30065525e-01 -1.65393576e-01 -2.62663271e-02
  -1.14029251e-01  6.20255359e-02 -2.47387633e-01 -2.02089831e-01
  -2.66356707e-01  7.93904737e-02  7.62657970e-02 -1.30560204e-01
  -2.23735020e-01 -1.18049450e-01 
  -1.70516089e-01 -1.16608709e-01 -9.72084180e-02 -4.35630292e-01
  -6.71201050e-02  9.34687927e-02  1.18693151e-01 -2.40416050e-01
  -2.94365883e-01 -1.40616536e-01  6.88167512e-02 -6.72651008e-02
  -8.48018005e-02 -3.03215355e-01  1.02380082e-01  1.60807475e-01
   1.28381714e-01 -1.59311637e-01 -5.31599700e-01 -2.77741462e-01
   1.90803066e-01  4.99811722e-04 -3.22225869e-01 -1.66594014e-02
  -2.39562258e-01 -4.00686681e-01 -1.78870752e-01 -6.05443239e-01
  -4.24253166e-01 -1.13246575e-01 
  -3.23095173e-01  3.27090383e-01 -7.02690065e-01 -5.66086650e-01
  -2.36175388e-01  3.32242161e-01  3.08139086e-01 -1.47227824e-01
  -5.33931315e-01  2.34893598e-02  6.42670272e-03  4.25574273e-01
   2.19935194e-01 -7.53485858e-01  2.55140871e-01  6.18078895e-02
   2.82234639e-01  1.25983924e-01 -6.34501338e-01 -4.37617421e-01
   2.68552035e-01  1.79591589e-02 -3.86871807e-02 -3.32389548e-02
   2.20757172e-01 -9.19514239e-01 -3.96135241e-01 -1.32371414e+00
  -5.17679691e-01  1.91805333e-01 
   2.58676767e-01 -2.14062855e-01  2.37718187e-02 -3.72595601e-02
  -6.42496347e-02  3.09790280e-02 -4.94295210e-02 -2.59304911e-01
   9.65528265e-02 -3.10549378e-01 -2.98118591e-01 -2.65033662e-01
  -3.13485950e-01  8.58135745e-02 -1.62239954e-01 -1.58294201e-01
  -2.53453195e-01 -6.59899637e-02  6.90218806e-02 -3.79265733e-02
   2.47811787e-02 -2.97311749e-02  5.56137646e-03  5.10726171e-03
   3.17392647e-02  1.35299996e-01  2.63406578e-02 -1.00637853e-01
  -2.08268791e-01 -1.75999537e-01 
  -4.15589541e-01 -1.71067372e-01  1.15524314e-01 -2.22158402e-01
  -9.33072716e-02 -2.26603560e-02  9.47092995e-02  2.42436063e-02
  -2.17040464e-01 -1.86604977e-01 -1.77009078e-03  5.17430305e-02
  -1.31702438e-01 -2.44256943e-01  3.66160274e-02  1.84712157e-01
   1.75309002e-01 -6.95481822e-02  1.04951346e-02 -2.53616542e-01
   1.51661292e-01  1.50884874e-02 -1.99219227e-01 -2.00921059e-01
  -3.43371779e-02 -2.20299169e-01 -8.38177502e-02 -1.91666320e-01
  -3.25854421e-01  8.98949802e-02 
  -1.61581516e-01 -3.25948715e-01 -2.00158074e-01 -2.56494042e-02
  -1.80755600e-01 -1.90257058e-01 -2.48010948e-01 -3.61464135e-02
  -2.26361200e-01 -2.74564445e-01 -1.48709059e-01 -2.25862321e-02
  -2.34857187e-01 -9.94871631e-02 -2.64741510e-01 -9.41530764e-02
  -1.32927924e-01 -3.15469772e-01 -2.45039910e-01 -3.32725614e-01
  -2.60606050e-01 -2.33684823e-01  3.65629047e-02 -7.62846470e-02
  -1.16478264e-01 -2.61270016e-01 -1.78068988e-02 -4.01334882e-01
  -3.82390350e-01 -6.85387403e-02 
  -3.35734546e-01  3.61586586e-02 -4.63967882e-02 -5.49632490e-01
  -2.39373103e-01  2.04817727e-01  2.30283365e-01 -5.36651574e-02
  -2.73220837e-01  5.79697080e-02 -2.39560470e-01  1.29947782e-01
  -1.98288336e-01 -3.58909786e-01  1.04312658e-01  5.23621924e-02
   1.98031262e-01 -1.95361435e-01 -4.48054701e-01 -3.38448346e-01
   4.17116284e-02 -2.64191143e-02 -3.11389983e-01 -1.71155810e-01
  -5.78211795e-04 -4.52436477e-01 -4.04280245e-01 -4.59906459e-01
  -7.21217334e-01  1.41755462e-01 
   1.51766330e-01  1.77256986e-01 -2.32627109e-01 -1.03977159e-01
  -7.78642204e-03  1.46574125e-01  1.62441179e-01  2.09070623e-01
  -2.79480927e-02  1.83904499e-01  7.64030144e-02  1.37743950e-01
  -5.58893792e-02 -2.31332824e-01 -1.20482102e-01  2.95860358e-02
  -2.99344301e-01  1.52714893e-01  7.28022605e-02  7.95471743e-02
   1.60968930e-01  1.80250764e-01  2.06664830e-01 -3.03642116e-02
   3.58670726e-02 -1.60983996e-03  6.82312772e-02 -4.15383816e-01
   6.96339831e-03  1.37772873e-01 
  -5.47541857e-01 -3.81926358e-01  7.33355135e-02  2.60237344e-02
   3.42886448e-01 -2.33824998e-01 -3.99584323e-01 -4.86660779e-01
   4.10785168e-01 -1.41183093e-01 -1.05603121e-01 -3.17037314e-01
  -9.35598761e-02  3.57145160e-01 -2.54557133e-01 -1.91880316e-01
   2.68011130e-02 -2.53015399e-01 -4.91476431e-02  3.74064922e-01
  -3.85481268e-01 -3.08495313e-01 -1.92879662e-01 -1.42691463e-01
  -4.17657018e-01  1.49744630e-01 -1.04723677e-01  2.07967713e-01
   1.98580682e-01 -2.85118103e-01 
   6.24319017e-01  2.47459248e-01 -1.09884775e+00 -1.28001690e-01
  -5.68541825e-01  8.79811421e-02  2.42683455e-01  4.05120134e-01
  -6.46785438e-01  2.70439893e-01 -3.36746760e-02  1.53502062e-01
   1.36877727e-02 -7.76724100e-01 -4.91659492e-02  1.19823813e-01
  -7.36301541e-01  4.07511294e-02 -1.69070035e-01 -3.55307579e-01
   4.72280644e-02  1.87660381e-01  4.71142352e-01  2.03448638e-01
   3.21773469e-01 -8.19975793e-01  6.99116066e-02 -1.28945851e+00
  -8.03414509e-02  2.30202064e-01 
  -2.27218956e-01 -6.79213628e-02 -9.47829485e-02  5.57715781e-02
  -5.77504709e-02 -3.92031789e-01 -2.38283694e-01 -1.48863152e-01
   6.86411262e-02 -1.17745571e-01 -3.29939395e-01 -4.11828198e-02
  -1.77305818e-01 -2.03457430e-01 -3.42040151e-01 -3.75138223e-01
  -3.01505536e-01 -1.86537102e-01 -3.43317598e-01 -7.02940896e-02
  -2.86911607e-01 -4.06358182e-01 -2.08279371e-01 -2.55824506e-01
  -5.98567538e-02  7.94777870e-02 -1.22739568e-01  8.62609893e-02
  -1.14235766e-01 -3.00681680e-01 
   1.20336197e-01  1.62780821e-01 -4.02085453e-01 -2.17050537e-01
  -2.85494655e-01  1.06712170e-01 -3.69274132e-02  3.06580141e-02
   6.76687527e-03  2.24001348e-01  1.20441556e-01 -8.38000234e-03
   5.39334863e-02 -1.15190908e-01  9.14874524e-02  2.00983822e-01
  -1.75390184e-01  1.56424209e-01 -1.83667079e-01 -8.22761804e-02
   7.98373148e-02  3.11632812e-01  1.60320267e-01  1.77486524e-01
   1.42500937e-01 -2.59568542e-01 -1.02963880e-01 -5.43182790e-01
  -7.13918954e-02  1.95028204e-02 
  -3.12274933e-01  4.96469960e-02  1.69633448e-01  8.34236294e-03
  -1.65267691e-01  6.89638630e-02  9.19535831e-02 -5.29322661e-02
   6.82554692e-02 -1.09433509e-01  7.35597014e-02 -2.45954562e-03
  -1.39118522e-01  3.97511646e-02 -2.63386130e-01 -1.17108986e-01
  -3.53819802e-02 -2.01417491e-01 -1.30284920e-01  6.65859655e-02
  -1.14829406e-01 -1.32434830e-01 -3.33063193e-02 -1.25650868e-01
  -2.80607134e-01 -4.03334610e-02 -2.56483883e-01  3.10022011e-02
  -1.14997350e-01 -1.56574085e-01 
  -2.34376296e-01 -1.36133820e-01  1.41396314e-01 -2.26361543e-01
   1.32765323e-01 -1.86267138e-01 -2.23121971e-01 -7.89516121e-02
  -6.10644445e-02 -1.97120428e-01 -2.51178205e-01 -7.33947828e-02
  -1.77688181e-01 -5.50866462e-02 -8.33699778e-02 -5.85966073e-02
   1.56936750e-01  8.58407989e-02  3.31938453e-02 -1.58635661e-01
  -1.25600561e-01 -1.86028600e-01 -8.40170030e-03 -1.57229930e-01
   6.83551729e-02  6.82854850e-04 -2.38316521e-01 -1.55616656e-01
  -8.59622881e-02 -2.09667385e-01 
  -1.82576686e-01 -5.02850302e-02 -4.71624322e-02 -3.39841098e-02
   4.57577147e-02 -1.96545124e-01 -2.48249575e-01 -1.48176715e-01
  -1.89070180e-01 -2.42705360e-01 -1.82467222e-01 -9.28939357e-02
  -1.37242526e-01  7.34015033e-02 -2.33422518e-01  5.76520991e-03
   6.32553846e-02 -3.39033939e-02 -1.42403528e-01 -2.02100188e-01
  -1.79146916e-01  3.75707895e-02 -1.05103925e-01 -1.82373658e-01
  -1.43740654e-01 -3.08335908e-02 -1.98762774e-01  1.01166531e-01
   1.96948517e-02 -6.53808638e-02 
  -1.83068857e-01  2.69348264e-01 -3.08038682e-01 -1.97279200e-01
  -4.29363102e-02  1.88226327e-01  4.46030088e-02  3.06468099e-01
  -6.31170638e-04  1.94882452e-01  2.19020680e-01  3.35766673e-01
   9.62402746e-02 -3.10521424e-01  1.03290305e-01  1.82267651e-01
   1.54652834e-01  1.35583133e-01 -1.26964390e-01 -6.48359060e-02
  -2.49832980e-02  1.21668555e-01  3.83755676e-02  3.11635256e-01
  -3.68215740e-02 -8.57823119e-02 -5.44528440e-02 -4.81205255e-01
  -1.57501370e-01  2.00220197e-02 
   1.69287827e-02 -9.88453627e-02 -8.82465094e-02 -7.60480901e-03
   2.28643492e-02  6.15379214e-03 -1.79680288e-02 -1.93904638e-01
  -6.07740730e-02 -5.68971187e-02 -1.93431586e-01 -6.46400899e-02
  -1.57171071e-01  4.42788117e-02 -7.57406512e-03 -2.35038787e-01
  -3.04677673e-02 -8.78270790e-02 -4.71913479e-02  3.74410525e-02
  -2.11097002e-01 -2.01450273e-01 -2.83664823e-01  6.17469708e-03
  -5.32447286e-02 -9.93780419e-02 -1.76418543e-01 -2.20354758e-02
  -2.59693176e-01 -1.82077661e-01 
   1.05172920e+00  2.80508220e-01 -8.29484940e-01  8.86117965e-02
  -4.17439014e-01 -2.39462070e-02 -1.87163576e-01  4.34254020e-01
  -4.77869272e-01 -5.53898327e-02  1.55596331e-01  1.07161433e-01
   8.84398967e-02 -5.31669557e-01 -1.84916761e-02  5.61400205e-02
  -8.86438429e-01  1.56862706e-01  1.53109059e-01 -2.69097656e-01
  -9.41044167e-02  1.78595543e-01  5.55287004e-01  3.77515435e-01
   1.69656277e-01 -6.01172805e-01  7.06495494e-02 -8.53067577e-01
   8.42309073e-02 -1.37501895e-01  
hidden2.bias   0.03062115 -0.11224853  0.15101087 -0.05082259 -0.03158623 -0.14842106
 -0.06924932  0.00738517 -0.2133668  -0.10529961 -0.11264294 -0.08700499
 -0.15661307 -0.0970058   0.01588655  0.13000965 -0.22258124 -0.36036363 
predict.weight   -0.05435374  0.31212667  0.3978153  -0.08320343  0.21765538  0.06407864
   0.32400063  0.18535368 -0.02397815  0.02606051 -0.08410811  0.16718656
  -0.0124423  -0.00840867 -0.01600402  0.24764372 -0.05224815 -0.13962188 
  -0.12373963 -0.1332629   0.06157771 -0.02340817 -0.16096318 -0.0103349
  -0.15983221  0.37049863  0.09256654  0.29472873  0.06524416  0.27000415
  -0.1875303  -0.20945433 -0.11148281  0.18177202 -0.16337204  0.3619804   
predict.bias  -0.15849788  0.04492841 
